Title: 5 uL Nanoaldolaz
Label: 05.01.2021 11:38:39
6.62632998327013 -2.04730110879272E-07
7.62632998074537 -2.04540560704582E-07
8.62632997822061 -2.03215225883154E-07
9.62632997569585 -2.00318899213899E-07
10.6263299731711 -1.9633227993983E-07
11.6263299706463 -1.90825089164403E-07
12.6263299681216 -1.84706030425078E-07
13.6263299655968 -1.77897767250583E-07
14.6263299630721 -1.70509859641887E-07
15.6263299605473 -1.62425923791731E-07
16.6263299580226 -1.54278185352775E-07
17.6263299554978 -1.46069752947884E-07
18.626329952973 -1.38153265722049E-07
19.6263299504483 -1.28975777004076E-07
20.6263299479235 -1.18022771799786E-07
21.6263299453988 -1.05677065641984E-07
22.626329942874 -9.20802525111607E-08
23.6263299403493 -8.86026512762034E-08
24.6263299378245 -8.36872740561918E-08
25.6263299352997 -8.17542034646739E-08
26.626329932775 -8.14765124587538E-08
27.6263299302502 -8.32089252353455E-08
28.6263299277255 -8.11779330235831E-08
29.6263299252007 -7.93511242599961E-08
30.626329922676 -7.77708444536102E-08
31.6263299201512 -7.58282963533579E-08
32.6263299176264 -7.41311019992236E-08
33.6263299151017 -7.20778945069876E-08
34.6263299125769 -7.08127229110054E-08
35.6263299100522 -6.91628023704387E-08
36.6263299075274 -6.72807207759122E-08
37.6263299050026 -6.53741872088509E-08
38.6263299024779 -6.38354188907221E-08
39.6263298999531 -6.23261066697399E-08
40.6263298974284 -6.10008855784161E-08
41.6263298949036 -5.9805885457104E-08
42.6263298923789 -5.84377122961956E-08
43.6263298898541 -5.7224098347729E-08
44.6263298873293 -5.62288841105396E-08
45.6263298848046 -5.5268547105493E-08
46.6263298822798 -5.42582825844332E-08
47.6263298797551 -5.44971916246118E-08
48.6263298772303 -5.42295846879852E-08
49.6263298747056 -5.38637149407997E-08
50.6263298721808 -5.3377670382861E-08
51.626329869656 -5.30189277222438E-08
52.6263298671313 -5.2579967427698E-08
53.6263298646065 -5.19116893318129E-08
54.6263298620818 -5.13028541707104E-08
55.626329859557 -5.05806300951087E-08
56.6263298570323 -5.00998171219914E-08
57.6263298545075 -4.93235333365683E-08
58.6263298519827 -4.87171623277368E-08
59.626329849458 -4.83653572035132E-08
60.6263298469332 -4.80359569099379E-08
61.6263298444085 -4.74827357700893E-08
62.6263298418837 -4.68028192934783E-08
63.626329839359 -4.59324428013393E-08
64.6263298368342 -4.51516477217585E-08
65.6263298343094 -4.42435886548913E-08
66.6263298317847 -4.34451274990295E-08
67.6263298292599 -4.27739682404891E-08
68.6263298267352 -4.22520986995342E-08
69.6263298242104 -4.20676284695264E-08
70.6263298216857 -4.20512892444682E-08
71.6263298191609 -4.23076369007182E-08
72.6263298166361 -4.28910344283773E-08
73.6263298141114 -4.40497167362189E-08
74.6263298115866 -4.54745274893245E-08
75.6263298090619 -4.67943274456522E-08
76.6263298065371 -4.88988651251941E-08
77.6263298040124 -5.13660122889169E-08
78.6263298014876 -5.39766489348797E-08
79.6263297989628 -5.6644870923913E-08
80.6263297964381 -5.92729461859472E-08
81.6263297939133 -6.22892581157803E-08
82.6263297913886 -6.51490774213897E-08
83.6263297888638 -6.76321847098214E-08
84.6263297863391 -6.99534540591033E-08
85.6263297838143 -7.18195755289208E-08
86.6263297812895 -7.32187970084433E-08
87.6263297787648 -7.38636846127717E-08
88.62632977624 -7.40461077008929E-08
89.6263297737153 -7.38017396156832E-08
90.6263297711905 -7.29911472486413E-08
91.6263297686658 -7.15011691454775E-08
92.626329766141 -6.99614151664402E-08
93.6263297636162 -6.81735400087345E-08
94.6263297610915 -6.62446774310947E-08
95.6263297585667 -6.44056616362577E-08
96.626329756042 -6.22849742818323E-08
97.6263297535172 -6.00430127256405E-08
98.6263297509925 -5.82458875194099E-08
99.6263297484677 -5.652769100592E-08
100.626329745943 -5.46933760554154E-08
101.626329743418 -5.31862247064247E-08
102.626329740893 -5.20330393536491E-08
103.626329738369 -5.14641992794061E-08
104.626329735844 -5.06575495559977E-08
105.626329733319 -4.99795285811335E-08
106.626329730794 -4.93416922433036E-08
107.62632972827 -4.86504027562112E-08
108.626329725745 -4.77540578901397E-08
109.62632972322 -4.66814692716421E-08
110.626329720695 -4.54683481536296E-08
111.626329718171 -4.4244384765625E-08
112.626329715646 -4.27652110224185E-08
113.626329713121 -4.12447911611995E-08
114.626329710596 -4.00115398146351E-08
115.626329708072 -3.86677807162267E-08
116.626329705547 -3.74838503251164E-08
117.626329703022 -3.65067949946623E-08
118.626329700497 -3.55204517056483E-08
119.626329697973 -3.48197605298913E-08
120.626329695448 -3.43875861315994E-08
121.626329692923 -3.44081333705357E-08
122.626329690398 -3.47090253178377E-08
123.626329687874 -3.55985084675854E-08
124.626329685349 -3.6794418429736E-08
125.626329682824 -3.81122470642469E-08
126.626329680299 -3.95362996166537E-08
127.626329677774 -4.11100588970303E-08
128.62632967525 -4.24844872137034E-08
129.626329672725 -4.38128927479619E-08
130.6263296702 -4.47133318978067E-08
131.626329667675 -4.55705536078222E-08
132.626329665151 -4.6123016546972E-08
133.626329662626 -4.62805706521739E-08
134.626329660101 -4.60016286151009E-08
135.626329657576 -4.53683793914984E-08
136.626329655052 -4.43739612650427E-08
137.626329652527 -4.31357057938664E-08
138.626329650002 -4.17213961204387E-08
139.626329647477 -4.03630037485443E-08
140.626329644953 -3.87471643293866E-08
141.626329642428 -3.72547599839868E-08
142.626329639903 -3.57627347389363E-08
143.626329637378 -3.44648088727679E-08
144.626329634854 -3.34447256526592E-08
145.626329632329 -3.28157223529697E-08
146.626329629804 -3.22524550538626E-08
147.626329627279 -3.17918102193323E-08
148.626329624755 -3.14633197665955E-08
149.62632962223 -3.11679626843944E-08
150.626329619705 -3.09070658239519E-08
151.62632961718 -3.06786199534162E-08
152.626329614656 -3.04452457783385E-08
153.626329612131 -3.06283891571234E-08
154.626329609606 -3.05770589698175E-08
155.626329607081 -3.0324729777271E-08
156.626329604557 -3.00682304808812E-08
157.626329602032 -2.96955748374418E-08
158.626329599507 -2.94453306968168E-08
159.626329596982 -2.91451211301436E-08
160.626329594458 -2.89624326717779E-08
161.626329591933 -2.87494540954969E-08
162.626329589408 -2.8285511087927E-08
163.626329586883 -2.78628900184394E-08
164.626329584358 -2.72116714382764E-08
165.626329581834 -2.683412540033E-08
166.626329579309 -2.66994689562306E-08
167.626329576784 -2.68172175247477E-08
168.626329574259 -2.68606624247865E-08
169.626329571735 -2.70236755750194E-08
170.62632956921 -2.72879085185365E-08
171.626329566685 -2.77466957613548E-08
172.62632956416 -2.83555309224573E-08
173.626329561636 -2.90632733647127E-08
174.626329559111 -3.0160541415955E-08
175.626329556586 -3.14299589358502E-08
176.626329554061 -3.26882688155085E-08
177.626329551537 -3.42353394312888E-08
178.626329549012 -3.58664186844914E-08
179.626329546487 -3.77042971782803E-08
180.626329543962 -3.95355793259899E-08
181.626329541438 -4.11640048767469E-08
182.626329538913 -4.24792935389169E-08
183.626329536388 -4.35609426557647E-08
184.626329533863 -4.43963281856561E-08
185.626329531339 -4.48832825844332E-08
186.626329528814 -4.52993831279115E-08
187.626329526289 -4.59150420953028E-08
188.626329523764 -4.63912679541925E-08
189.62632952124 -4.67820445943323E-08
190.626329518715 -4.71071989639946E-08
191.62632951619 -4.73157799762228E-08
192.626329513665 -4.76052230929736E-08
193.626329511141 -4.79094890333851E-08
194.626329508616 -4.85312136063665E-08
195.626329506091 -4.91623777780473E-08
196.626329503566 -4.99234975494953E-08
197.626329501041 -5.06094038116265E-08
198.626329498517 -5.14798561238354E-08
199.626329495992 -5.2915054226514E-08
200.626329493467 -5.44603430706522E-08
201.626329490942 -5.61489697568905E-08
202.626329488418 -5.78436620487189E-08
203.626329485893 -5.93859180900621E-08
204.626329483368 -6.06398304056677E-08
205.626329480843 -6.17637113014363E-08
206.626329478319 -6.26545592124418E-08
207.626329475794 -6.3472278666052E-08
208.626329473269 -6.43233968604425E-08
209.626329470744 -6.50309876625582E-08
210.62632946822 -6.53718746967197E-08
211.626329465695 -6.54796908360831E-08
212.62632946317 -6.56209815362966E-08
213.626329460645 -6.53216059903921E-08
214.626329458121 -6.47595897224379E-08
215.626329455596 -6.40540839722438E-08
216.626329453071 -6.35190217391304E-08
217.626329450546 -6.27242757666925E-08
218.626329448022 -6.17535893221079E-08
219.626329445497 -6.08291152101126E-08
220.626329442972 -6.01919233428765E-08
221.626329440447 -5.99214731536296E-08
222.626329437923 -5.93921353357919E-08
223.626329435398 -5.8524753736413E-08
224.626329432873 -5.79550796414014E-08
225.626329430348 -5.74168708753882E-08
226.626329427824 -5.71300056410132E-08
227.626329425299 -5.72018072471856E-08
228.626329422774 -5.74462890625E-08
229.626329420249 -5.77768645671584E-08
230.626329417724 -5.8068241095691E-08
231.6263294152 -5.82397840037849E-08
232.626329412675 -5.8121921705163E-08
233.62632941015 -5.79244483331716E-08
234.626329407625 -5.76008861849767E-08
235.626329405101 -5.67824464407026E-08
236.626329402576 -5.5845348287073E-08
237.626329400051 -5.48361452469914E-08
238.626329397526 -5.37632912582492E-08
239.626329395002 -5.23290409064441E-08
240.626329392477 -5.06014806143245E-08
241.626329389952 -4.88816918793672E-08
242.626329387427 -4.69525639314829E-08
243.626329384903 -4.47448351368401E-08
244.626329382378 -4.22580505750194E-08
245.626329379853 -3.98162273146351E-08
246.626329377328 -3.78978279066382E-08
247.626329374804 -3.6159690714771E-08
248.626329372279 -3.46299070749224E-08
249.626329369754 -3.3331905388684E-08
250.626329367229 -3.22184876625582E-08
251.626329364705 -3.11073066284938E-08
252.62632936218 -3.0195949388587E-08
253.626329359655 -2.95567861995342E-08
254.62632935713 -2.90589137106949E-08
255.626329354606 -2.8706653666052E-08
256.626329352081 -2.84390846394604E-08
257.626329349556 -2.82065444851514E-08
258.626329347031 -2.79135757351514E-08
259.626329344507 -2.75080520914208E-08
260.626329341982 -2.72364266910908E-08
261.626329339457 -2.7062343810656E-08
262.626329336932 -2.68053516838121E-08
263.626329334408 -2.65651916124806E-08
264.626329331883 -2.61196728818905E-08
265.626329329358 -2.58088485054348E-08
266.626329326833 -2.55160693056095E-08
267.626329324308 -2.53738308545225E-08
268.626329321784 -2.51814374272127E-08
269.626329319259 -2.51518675999612E-08
270.626329316734 -2.52354213169643E-08
271.626329314209 -2.54567021908967E-08
272.626329311685 -2.59110539596273E-08
273.62632930916 -2.63490285932648E-08
274.626329306635 -2.70823603091033E-08
275.62632930411 -2.81865279867042E-08
276.626329301586 -2.93769789038238E-08
277.626329299061 -3.06070458074534E-08
278.626329296536 -3.21544197035132E-08
279.626329294011 -3.38673846321817E-08
280.626329291487 -3.57499969671972E-08
281.626329288962 -3.79367236024845E-08
282.626329286437 -4.03020065023292E-08
283.626329283912 -4.25024944802989E-08
284.626329281388 -4.44230547602873E-08
285.626329278863 -4.64342579338121E-08
286.626329276338 -4.85791698005629E-08
287.626329273813 -5.06385945385287E-08
288.626329271289 -5.22615231342197E-08
289.626329268764 -5.3704189513781E-08
290.626329266239 -5.47106251213121E-08
291.626329263714 -5.55455557307841E-08
292.62632926119 -5.61714124975737E-08
293.626329258665 -5.6564350009705E-08
294.62632925614 -5.68394252232143E-08
295.626329253615 -5.6953117417993E-08
296.626329251091 -5.69285517153533E-08
297.626329248566 -5.70138872039984E-08
298.626329246041 -5.70898968240489E-08
299.626329243516 -5.72109435656056E-08
300.626329240991 -5.75591093264751E-08
301.626329238467 -5.79251307138005E-08
302.626329235942 -5.83967694584627E-08
303.626329233417 -5.88853160787073E-08
304.626329230892 -5.9184577894507E-08
305.626329228368 -5.93076338679154E-08
306.626329225843 -5.92385996942935E-08
307.626329223318 -5.92743488572399E-08
308.626329220793 -5.90560628760675E-08
309.626329218269 -5.85459833559783E-08
310.626329215744 -5.79910941745924E-08
311.626329213219 -5.76732943517081E-08
312.626329210694 -5.71999875655085E-08
313.62632920817 -5.64879233792702E-08
314.626329205645 -5.58472058787849E-08
315.62632920312 -5.51755916998253E-08
316.626329200595 -5.42418296292702E-08
317.626329198071 -5.31400123738354E-08
318.626329195546 -5.22092072860054E-08
319.626329193021 -5.16544318347244E-08
320.626329190496 -5.13231360394022E-08
321.626329187972 -5.21543514654503E-08
322.626329185447 -5.35501231317935E-08
323.626329182922 -5.51458323223991E-08
324.626329180397 -5.67851759632181E-08
325.626329177873 -5.80328710330939E-08
326.626329175348 -5.89239843143439E-08
327.626329172823 -5.96746030061141E-08
328.626329170298 -6.03089895307647E-08
329.626329167774 -6.07516650087345E-08
330.626329165249 -6.07901057841615E-08
331.626329162724 -6.06126110005823E-08
332.626329160199 -6.01046165324146E-08
333.626329157674 -5.91573584894216E-08
334.62632915515 -5.77368694802989E-08
335.626329152625 -5.57032993861607E-08
336.6263291501 -5.3549819851514E-08
337.626329147575 -5.10810804663237E-08
338.626329145051 -4.83780191551824E-08
339.626329142526 -4.58159073539402E-08
340.626329140001 -4.36604185874418E-08
341.626329137476 -4.17772376019022E-08
342.626329134952 -4.06899019798136E-08
343.626329132427 -4.03898819633152E-08
344.626329129902 -3.97191018051242E-08
345.626329127377 -3.91063240003882E-08
346.626329124853 -3.83934637034161E-08
347.626329122328 -3.76985727630047E-08
348.626329119803 -3.72171911393634E-08
349.626329117278 -3.71122182526203E-08
350.626329114754 -3.71883036927407E-08
351.626329112229 -3.70634280376553E-08
352.626329109704 -3.68739915930706E-08
353.626329107179 -3.66120332516498E-08
354.626329104655 -3.64225968070652E-08
355.62632910213 -3.6258522175854E-08
356.626329099605 -3.61777738014363E-08
357.62632909708 -3.59815893706328E-08
358.626329094556 -3.59429211349961E-08
359.626329092031 -3.60749996967197E-08
360.626329089506 -3.64204738451087E-08
361.626329086981 -3.68163683399651E-08
362.626329084457 -3.73973396253882E-08
363.626329081932 -3.8245235466809E-08
364.626329079407 -3.95854310219332E-08
365.626329076882 -4.09497373592779E-08
366.626329074358 -4.25760778581134E-08
367.626329071833 -4.45572941940023E-08
368.626329069308 -4.65750937136064E-08
369.626329066783 -4.87892672141887E-08
370.626329064258 -5.09520347073952E-08
371.626329061734 -5.32350907414596E-08
372.626329059209 -5.5383907341809E-08
373.626329056684 -5.72753148049301E-08
374.626329054159 -5.88123771714868E-08
375.626329051635 -6.00565086980784E-08
376.62632904911 -6.09421250242624E-08
377.626329046585 -6.13838148413237E-08
378.62632904406 -6.14235445579386E-08
379.626329041536 -6.11472183132764E-08
380.626329039011 -6.04865601344138E-08
381.626329036486 -5.96200883758734E-08
382.626329033961 -5.85599342488354E-08
383.626329031437 -5.7271713351611E-08
384.626329028912 -5.58147169788432E-08
385.626329026387 -5.44206133540373E-08
386.626329023862 -5.31151054808812E-08
387.626329021338 -5.19785247234084E-08
388.626329018813 -5.09803535034938E-08
389.626329016288 -4.99910153217197E-08
390.626329013763 -4.9009979437597E-08
391.626329011239 -4.81565108210404E-08
392.626329008714 -4.74015324752523E-08
393.626329006189 -4.66511412436918E-08
394.626329003664 -4.59736510093168E-08
395.62632900114 -4.53626549762228E-08
396.626328998615 -4.46455866653727E-08
397.62632899609 -4.40816748956716E-08
398.626328993565 -4.3696281480493E-08
399.626328991041 -4.34697311117042E-08
400.626328988516 -4.31650481609084E-08
401.626328985991 -4.29221206570264E-08
402.626328983466 -4.27238890843362E-08
403.626328980941 -4.26022357822205E-08
404.626328978417 -4.25571228406444E-08
405.626328975892 -4.26423445991848E-08
406.626328973367 -4.27208183715062E-08
407.626328970842 -4.30952936966227E-08
408.626328968318 -4.34937281638199E-08
409.626328965793 -4.39255234617624E-08
410.626328963268 -4.43449600883152E-08
411.626328960743 -4.45362920346467E-08
412.626328958219 -4.45976683812112E-08
413.626328955694 -4.447021484375E-08
414.626328953169 -4.43243749393439E-08
415.626328950644 -4.40278805560947E-08
416.62632894812 -4.36696686359666E-08
417.626328945595 -4.32599748883928E-08
418.62632894307 -4.27134259146933E-08
419.626328940545 -4.22202542701863E-08
420.626328938021 -4.18797084263393E-08
421.626328935496 -4.1462394761743E-08
422.626328932971 -4.11323499975737E-08
423.626328930446 -4.09940541901203E-08
424.626328927922 -4.08994307429154E-08
425.626328925397 -4.08295246384899E-08
426.626328922872 -4.09189923209433E-08
427.626328920347 -4.10399632424301E-08
428.626328917823 -4.09233519749612E-08
429.626328915298 -4.09048897879464E-08
430.626328912773 -4.06332264775815E-08
431.626328910248 -4.07115865197981E-08
432.626328907724 -4.08043523752911E-08
433.626328905199 -4.07717876552795E-08
434.626328902674 -4.06317858962539E-08
435.626328900149 -4.02444211592585E-08
436.626328897624 -4.01308047845497E-08
437.6263288951 -4.00777307356367E-08
438.626328892575 -3.96237580672554E-08
439.62632889005 -3.93626337466033E-08
440.626328887525 -3.92866620365877E-08
441.626328885001 -3.91142851077251E-08
442.626328882476 -3.89090401785714E-08
443.626328879951 -3.84428225689053E-08
444.626328877426 -3.79991993400621E-08
445.626328874902 -3.73629931337345E-08
446.626328872377 -3.66655243109472E-08
447.626328869852 -3.60196889557453E-08
448.626328867327 -3.54038404381793E-08
449.626328864803 -3.46365034210015E-08
450.626328862278 -3.37649896278144E-08
451.626328859753 -3.29490898558812E-08
452.626328857228 -3.21013835646351E-08
453.626328854704 -3.15400117672748E-08
454.626328852179 -3.07351817255435E-08
455.626328849654 -2.99643569851514E-08
456.626328847129 -2.91150963824728E-08
457.626328844605 -2.82520365270769E-08
458.62632884208 -2.78359359835986E-08
459.626328839555 -2.74364021253882E-08
460.62632883703 -2.71076083923719E-08
461.626328834506 -2.7413352824146E-08
462.626328831981 -2.78004142808618E-08
463.626328829456 -2.79984183933424E-08
464.626328826931 -2.84042832273874E-08
465.626328824407 -2.89912822083657E-08
466.626328821882 -2.98502856900233E-08
467.626328819357 -3.08604364809783E-08
468.626328816832 -3.19491368643245E-08
469.626328814308 -3.31596800999612E-08
470.626328811783 -3.4511134935462E-08
471.626328809258 -3.58034122064247E-08
472.626328806733 -3.66586246845885E-08
473.626328804208 -3.74648953076475E-08
474.626328801684 -3.82194566430512E-08
475.626328799159 -3.8931255459045E-08
476.626328796634 -3.96062057210792E-08
477.626328794109 -4.05530846637228E-08
478.626328791585 -4.17379248956716E-08
479.62632878906 -4.25209566673137E-08
480.626328786535 -4.34256796511063E-08
481.62632878401 -4.41102969720497E-08
482.626328781486 -4.45635114397321E-08
483.626328778961 -4.50275302673719E-08
484.626328776436 -4.51595330090256E-08
485.626328773911 -4.53622000558036E-08
486.626328771387 -4.56425068541343E-08
487.626328768862 -4.57518773049301E-08
488.626328766337 -4.5505386257764E-08
489.626328763812 -4.50595263368595E-08
490.626328761288 -4.43702839916537E-08
491.626328758763 -4.34950550150427E-08
492.626328756238 -4.23185170807453E-08
493.626328753713 -4.06366383807259E-08
494.626328751189 -3.87936799422554E-08
495.626328748664 -3.71294673185171E-08
496.626328746139 -3.56188282463121E-08
497.626328743614 -3.43858422699922E-08
498.62632874109 -3.33806956036491E-08
499.626328738565 -3.27092330648292E-08
500.62632873604 -3.18660380677407E-08
501.626328733515 -3.05307329071234E-08
502.626328730991 -2.93357706958463E-08
503.626328728466 -2.8157981730396E-08
504.626328725941 -2.70722004197399E-08
505.626328723416 -2.65962399310947E-08
506.626328720891 -2.59773965207686E-08
507.626328718367 -2.57521730032026E-08
508.626328715842 -2.56835179299301E-08
509.626328713317 -2.57324597850349E-08
510.626328710792 -2.58253772806677E-08
511.626328708268 -2.61024996360637E-08
512.626328705743 -2.62991768973214E-08
513.626328703218 -2.63675666003494E-08
514.626328700693 -2.64240525524068E-08
515.626328698169 -2.65254239858307E-08
516.626328695644 -2.66935170807453E-08
517.626328693119 -2.6766342257861E-08
518.626328690594 -2.69082016085986E-08
519.62632868807 -2.70317504124612E-08
520.626328685545 -2.67817337320458E-08
521.62632868302 -2.64203373689829E-08
522.626328680495 -2.58019109690411E-08
523.626328677971 -2.50431037097244E-08
524.626328675446 -2.43792231778921E-08
525.626328672921 -2.37648152416537E-08
526.626328670396 -2.32144373544255E-08
527.626328667872 -2.28091032608696E-08
528.626328665347 -2.21866963072593E-08
529.626328662822 -2.1717521714868E-08
530.626328660297 -2.10687672869759E-08
531.626328657773 -2.05281701887616E-08
532.626328655248 -2.01532778532609E-08
533.626328652723 -1.97084794133346E-08
534.626328650198 -1.92216766546972E-08
535.626328647674 -1.88060689416731E-08
536.626328645149 -1.87839673913043E-08
537.626328642624 -1.88329092464092E-08
538.626328640099 -1.87999654260481E-08
539.626328637574 -1.90546829507958E-08
540.62632863505 -1.94897764217779E-08
541.626328632525 -2.0145240925854E-08
542.62632863 -2.06232864664208E-08
543.626328627475 -2.11864400354231E-08
544.626328624951 -2.17017132302989E-08
545.626328622426 -2.23464491944876E-08
546.626328619901 -2.29148722583463E-08
547.626328617376 -2.32486322059394E-08
548.626328614852 -2.37781974839868E-08
549.626328612327 -2.4384795953028E-08
550.626328609802 -2.51481145065023E-08
551.626328607277 -2.57125191066576E-08
552.626328604753 -2.61653923840256E-08
553.626328602228 -2.68045176630435E-08
554.626328599703 -2.73952318274456E-08
555.626328597178 -2.78193313882958E-08
556.626328594654 -2.83712635869565E-08
557.626328592129 -2.90989467075893E-08
558.626328589604 -3.00422621069487E-08
559.626328587079 -3.12158809685559E-08
560.626328584555 -3.25688901154891E-08
561.62632858203 -3.40575413674301E-08
562.626328579505 -3.52685016134511E-08
563.62632857698 -3.60813306725543E-08
564.626328574456 -3.65123298597632E-08
565.626328571931 -3.65024732506793E-08
566.626328569406 -3.61280737456328E-08
567.626328566881 -3.54969853940217E-08
568.626328564357 -3.46367308812112E-08
569.626328561832 -3.35319945530862E-08
570.626328559307 -3.24427255192158E-08
571.626328556782 -3.11551870026203E-08
572.626328554258 -3.00193644458463E-08
573.626328551733 -2.85044036296584E-08
574.626328549208 -2.69196883491848E-08
575.626328546683 -2.50970117794061E-08
576.626328544158 -2.35231008588897E-08
577.626328541634 -2.21152738014363E-08
578.626328539109 -2.08601483647127E-08
579.626328536584 -1.99000009098408E-08
580.626328534059 -1.92795273680124E-08
581.626328531535 -1.93545892371894E-08
582.62632852901 -1.93440881575116E-08
583.626328526485 -1.91008952833851E-08
584.62632852396 -1.88180106026786E-08
585.626328521436 -1.88301418138587E-08
586.626328518911 -1.90597628954775E-08
587.626328516386 -1.9456188130823E-08
588.626328513861 -2.0046978115295E-08
589.626328511337 -2.08633707176825E-08
590.626328508812 -2.20873720157221E-08
591.626328506287 -2.32384723165761E-08
592.626328503762 -2.43740674131405E-08
593.626328501238 -2.54141292216615E-08
594.626328498713 -2.65000621724573E-08
595.626328496188 -2.73570185122283E-08
596.626328493663 -2.79409467803766E-08
597.626328491139 -2.82756544788432E-08
598.626328488614 -2.8665142177795E-08
599.626328486089 -2.85889430075699E-08
600.626328483564 -2.85069436019992E-08
601.62632848104 -2.84391225494953E-08
602.626328478515 -2.85843938033773E-08
603.62632847599 -2.91910680924883E-08
604.626328473465 -2.96021266013199E-08
605.626328470941 -2.99046107700893E-08
606.626328468416 -3.07205863620924E-08
607.626328465891 -3.17446501358696E-08
608.626328463366 -3.3054176472729E-08
609.626328460841 -3.45704641401397E-08
610.626328458317 -3.59461813980008E-08
611.626328455792 -3.7640987419934E-08
612.626328453267 -3.98563361315994E-08
613.626328450742 -4.24282666318905E-08
614.626328448218 -4.53979113087151E-08
615.626328445693 -4.82827512373835E-08
616.626328443168 -5.03806167507764E-08
617.626328440643 -5.17140264096467E-08
618.626328438119 -5.22354031201475E-08
619.626328435594 -5.22365404211956E-08
620.626328433069 -5.16542043745147E-08
621.626328430544 -5.10463548743206E-08
622.62632842802 -5.04364961422748E-08
623.626328425495 -4.97161296583851E-08
624.62632842297 -4.87887364736995E-08
625.626328420445 -4.77065945263975E-08
626.626328417921 -4.63047193444293E-08
627.626328415396 -4.46858850325116E-08
628.626328412871 -4.31337723820846E-08
629.626328410346 -4.13810019167314E-08
630.626328407822 -3.98540615295031E-08
631.626328405297 -3.83104786369371E-08
632.626328402772 -3.7058082722729E-08
633.626328400247 -3.65524765867624E-08
634.626328397723 -3.66446737917314E-08
635.626328395198 -3.72730326208269E-08
636.626328392673 -3.77933478503494E-08
637.626328390148 -3.77180585209627E-08
638.626328387624 -3.71921326062694E-08
639.626328385099 -3.65017150499806E-08
640.626328382574 -3.59708987407803E-08
641.626328380049 -3.55762931871118E-08
642.626328377524 -3.58347638053183E-08
643.626328375 -3.6837787509705E-08
644.626328372475 -3.78863790760869E-08
645.62632836995 -3.88685901712927E-08
646.626328367425 -3.95490752984278E-08
647.626328364901 -4.04797666561529E-08
648.626328362376 -4.10411005434782E-08
649.626328359851 -4.15361297796972E-08
650.626328357326 -4.18803908069682E-08
651.626328354802 -4.2149059224573E-08
652.626328352277 -4.22739727896933E-08
653.626328349752 -4.24595803207492E-08
654.626328347227 -4.3494865464868E-08
655.626328344703 -4.59665997428183E-08
656.626328342178 -4.89667999078028E-08
657.626328339653 -5.19339046122865E-08
658.626328337128 -5.49707637810559E-08
659.626328334604 -5.82536211665373E-08
660.626328332079 -6.12782733040567E-08
661.626328329554 -6.35561735733696E-08
662.626328327029 -6.52872215887034E-08
663.626328324505 -6.63747846710015E-08
664.62632832198 -6.70448445385287E-08
665.626328319455 -6.66203658773292E-08
666.62632831693 -6.51142760093167E-08
667.626328314406 -6.25737729279891E-08
668.626328311881 -5.93744692595109E-08
669.626328309356 -5.56118603818905E-08
670.626328306831 -5.10673570336762E-08
671.626328304307 -4.63320524796195E-08
672.626328301782 -4.12790997428183E-08
673.626328299257 -3.64397321428571E-08
674.626328296732 -3.204652774408E-08
675.626328294208 -2.8840324449243E-08
676.626328291683 -2.72878706085015E-08
677.626328289158 -2.70232206546001E-08
678.626328286633 -2.70761051533385E-08
679.626328284108 -2.7296779466712E-08
680.626328281584 -2.82245517517469E-08
681.626328279059 -2.98212086932259E-08
682.626328276534 -3.1674819851514E-08
683.626328274009 -3.38158269846661E-08
684.626328271485 -3.59667286369371E-08
685.62632826896 -3.80534106900233E-08
686.626328266435 -4.02991632497088E-08
687.62632826391 -4.22847392396157E-08
688.626328261386 -4.39890985903532E-08
689.626328258861 -4.54506820773486E-08
690.626328256336 -4.68170734666149E-08
691.626328253811 -4.76027210306677E-08
692.626328251287 -4.8051727484472E-08
693.626328248762 -4.78156996069487E-08
694.626328246237 -4.71800241411102E-08
695.626328243712 -4.62931567837733E-08
696.626328241188 -4.49411712077834E-08
697.626328238663 -4.34586234714674E-08
698.626328236138 -4.17672293526786E-08
699.626328233613 -3.98812430245536E-08
700.626328231089 -3.77966839334239E-08
701.626328228564 -3.56883552503882E-08
702.626328226039 -3.42584645526009E-08
703.626328223514 -3.34923785665761E-08
704.62632822099 -3.30807893172554E-08
705.626328218465 -3.28125379100349E-08
706.62632821594 -3.25138447447593E-08
707.626328213415 -3.21823593992624E-08
708.626328210891 -3.23793020307647E-08
709.626328208366 -3.27300077639752E-08
710.626328205841 -3.30983795734666E-08
711.626328203316 -3.35442015843362E-08
712.626328200791 -3.40113290348408E-08
713.626328198267 -3.42222983792702E-08
714.626328195742 -3.43894816333463E-08
715.626328193217 -3.42952372864907E-08
716.626328190692 -3.42930764144992E-08
717.626328188168 -3.40343404260481E-08
718.626328185643 -3.35062157293284E-08
719.626328183118 -3.28038565120342E-08
720.626328180593 -3.1658935546875E-08
721.626328178069 -3.04989642978455E-08
722.626328175544 -2.96076993764557E-08
723.626328173019 -2.88236061238354E-08
724.626328170494 -2.80727599718556E-08
725.62632816797 -2.71013911466421E-08
726.626328165445 -2.62173670419255E-08
727.62632816292 -2.55010569317741E-08
728.626328160395 -2.4954849148389E-08
729.626328157871 -2.45375733938276E-08
730.626328155346 -2.45317352484472E-08
731.626328152821 -2.44202797457298E-08
732.626328150296 -2.43148519385675E-08
733.626328147772 -2.4069232822205E-08
734.626328145247 -2.39912139703028E-08
735.626328142722 -2.36746272685365E-08
736.626328140197 -2.3714622355396E-08
737.626328137673 -2.39747231051048E-08
738.626328135148 -2.41028590231949E-08
739.626328132623 -2.40357582613548E-08
740.626328130098 -2.41966484496312E-08
741.626328127574 -2.4237060546875E-08
742.626328125049 -2.41762528508346E-08
743.626328122524 -2.45293090062112E-08
744.626328119999 -2.49122761791537E-08
745.626328117474 -2.49818031832298E-08
746.62632811495 -2.50991726513975E-08
747.626328112425 -2.52931203901397E-08
748.6263281099 -2.57595654600155E-08
749.626328107375 -2.62537985855008E-08
750.626328104851 -2.66954884025621E-08
751.626328102326 -2.69083911587733E-08
752.626328099801 -2.69966078100738E-08
753.626328097276 -2.69588115052407E-08
754.626328094752 -2.71158348699534E-08
755.626328092227 -2.69668105226126E-08
756.626328089702 -2.69929305366848E-08
757.626328087177 -2.66846082225349E-08
758.626328084653 -2.67338154478843E-08
759.626328082128 -2.6500858283191E-08
760.626328079603 -2.61901476368401E-08
761.626328077078 -2.59171195652174E-08
762.626328074554 -2.56197532511646E-08
763.626328072029 -2.51004995026203E-08
764.626328069504 -2.46299222389363E-08
765.626328066979 -2.43597753299689E-08
766.626328064455 -2.37582947156444E-08
767.62632806193 -2.31742906274262E-08
768.626328059405 -2.27015145817158E-08
769.62632805688 -2.25093486146157E-08
770.626328054356 -2.22937542459239E-08
771.626328051831 -2.21969320166925E-08
772.626328049306 -2.21998889994177E-08
773.626328046781 -2.21339255386258E-08
774.626328044257 -2.23056959069293E-08
775.626328041732 -2.25010084069294E-08
776.626328039207 -2.29257524383734E-08
777.626328036682 -2.33083784210015E-08
778.626328034158 -2.37654597122477E-08
779.626328031633 -2.42015767541731E-08
780.626328029108 -2.47292465304736E-08
781.626328026583 -2.51168387276786E-08
782.626328024058 -2.5516941236413E-08
783.626328021534 -2.58445218483113E-08
784.626328019009 -2.58682156201475E-08
785.626328016484 -2.57289341517857E-08
786.626328013959 -2.54758088485054E-08
787.626328011435 -2.54147736922554E-08
788.62632800891 -2.49509823248253E-08
789.626328006385 -2.46100194705939E-08
790.62632800386 -2.45334412000194E-08
791.626328001336 -2.46682113742236E-08
792.626327998811 -2.47281471394604E-08
793.626327996286 -2.52098320433812E-08
794.626327993761 -2.57643800344526E-08
795.626327991237 -2.6365936468847E-08
796.626327988712 -2.70798582467974E-08
797.626327986187 -2.77719438446234E-08
798.626327983662 -2.85886776373253E-08
799.626327981138 -2.93866838727679E-08
800.626327978613 -3.01865856099573E-08
801.626327976088 -3.10281883855784E-08
802.626327973563 -3.17183405716227E-08
803.626327971039 -3.23091305560947E-08
804.626327968514 -3.27664772175854E-08
805.626327965989 -3.30551621336374E-08
