Title: 15 uL Nanoaldolaz
Label: 06.01.2021 13:10:52
6.60530198332322 -6.28073745632764E-06
7.60530198079846 -5.93449752523292E-06
8.6053019782737 -5.55904033021157E-06
9.60530197574894 -5.14841778678183E-06
10.6053019732242 -4.73234605493012E-06
11.6053019706994 -4.33067369164887E-06
12.6053019681747 -3.94576893682065E-06
13.6053019656499 -3.58940816369856E-06
14.6053019631252 -3.26928293927116E-06
15.6053019606004 -2.99537345933618E-06
16.6053019580756 -2.77730053256017E-06
17.6053019555509 -2.62776250424592E-06
18.6053019530261 -2.5567342627863E-06
19.6053019505014 -2.46516863899942E-06
20.6053019479766 -2.43222216493595E-06
21.6053019454519 -2.40034399565703E-06
22.6053019429271 -2.36377370135384E-06
23.6053019404023 -2.30870331000097E-06
24.6053019378776 -2.25872575274165E-06
25.6053019353528 -2.21752740137325E-06
26.6053019328281 -2.17555378979037E-06
27.6053019303033 -2.13395700395477E-06
28.6053019277786 -2.07710863196332E-06
29.6053019252538 -2.01198260384317E-06
30.605301922729 -1.94508996809491E-06
31.6053019202043 -1.8752763641547E-06
32.6053019176795 -1.82594517299107E-06
33.6053019151548 -1.78432336653241E-06
34.60530191263 -1.74170983355978E-06
35.6053019101053 -1.6998620832929E-06
36.6053019075805 -1.65708667447108E-06
37.6053019050557 -1.61971723663141E-06
38.605301902531 -1.58042727642178E-06
39.6053019000062 -1.5438854146448E-06
40.6053018974815 -1.50829130374127E-06
41.6053018949567 -1.47210844999515E-06
42.605301892432 -1.43649690047554E-06
43.6053018899072 -1.39789614470109E-06
44.6053018873824 -1.36012675599282E-06
45.6053018848577 -1.32201390236801E-06
46.6053018823329 -1.28725305403241E-06
47.6053018798082 -1.25509245499321E-06
48.6053018772834 -1.224703770987E-06
49.6053018747587 -1.19434579410908E-06
50.6053018722339 -1.16798543041537E-06
51.6053018697091 -1.14565338703416E-06
52.6053018671844 -1.12789064016401E-06
53.6053018646596 -1.11299654563762E-06
54.6053018621349 -1.09995890552213E-06
55.6053018596101 -1.08805401725058E-06
56.6053018570854 -1.07822508249224E-06
57.6053018545606 -1.07031060449825E-06
58.6053018520358 -1.06558663504464E-06
59.6053018495111 -1.06453159877232E-06
60.6053018469863 -1.05799666694973E-06
61.6053018444616 -1.05296979631696E-06
62.6053018419368 -1.04615053923234E-06
63.6053018394121 -1.0379638671875E-06
64.6053018368873 -1.03036897078804E-06
65.6053018343625 -1.02169288019216E-06
66.6053018318378 -1.01182072799398E-06
67.605301829313 -1.00120705551242E-06
68.6053018267883 -9.90078943856755E-07
69.6053018242635 -9.80598023219138E-07
70.6053018217387 -9.69215156128688E-07
71.605301819214 -9.60736576814829E-07
72.6053018166892 -9.54523880289208E-07
73.6053018141645 -9.50740079702057E-07
74.6053018116397 -9.47722061820652E-07
75.605301809115 -9.4513546013684E-07
76.6053018065902 -9.44011048500582E-07
77.6053018040654 -9.44137288916925E-07
78.6053018015407 -9.47189425829775E-07
79.6053017990159 -9.50327997622283E-07
80.6053017964912 -9.50438694924301E-07
81.6053017939664 -9.494022345691E-07
82.6053017914417 -9.45017559928183E-07
83.6053017889169 -9.39791282511646E-07
84.6053017863921 -9.33520962732919E-07
85.6053017838674 -9.25759262179736E-07
86.6053017813426 -9.16083863062888E-07
87.6053017788179 -9.04804490367818E-07
88.6053017762931 -8.92459466590644E-07
89.6053017737684 -8.78971834360442E-07
90.6053017712436 -8.64799167798913E-07
91.6053017687188 -8.51258082419449E-07
92.6053017661941 -8.37549813785908E-07
93.6053017636693 -8.27436174665179E-07
94.6053017611446 -8.17872610151398E-07
95.6053017586198 -8.11323651615877E-07
96.6053017560951 -8.05355853915955E-07
97.6053017535703 -8.01193332079775E-07
98.6053017510455 -7.97756408312306E-07
99.6053017485208 -7.95057213824728E-07
100.605301745996 -7.93039262664984E-07
101.605301743471 -7.87953252377717E-07
102.605301740947 -7.83087878493788E-07
103.605301738422 -7.78976535204775E-07
104.605301735897 -7.74149450456133E-07
105.605301733372 -7.68943265358113E-07
106.605301730847 -7.59531720084433E-07
107.605301728323 -7.51368173160908E-07
108.605301725798 -7.45004594696234E-07
109.605301723273 -7.37325917119565E-07
110.605301720748 -7.2765506720691E-07
111.605301718224 -7.18565757230202E-07
112.605301715699 -7.09128812233113E-07
113.605301713174 -7.01835679711762E-07
114.605301710649 -6.93182714237189E-07
115.605301708125 -6.85579856730396E-07
116.6053017056 -6.76508364470109E-07
117.605301703075 -6.72128997234084E-07
118.60530170055 -6.67339443420031E-07
119.605301698026 -6.62191639775815E-07
120.605301695501 -6.55782569269216E-07
121.605301692976 -6.49579729352678E-07
122.605301690451 -6.42904909501164E-07
123.605301687927 -6.37381038310365E-07
124.605301685402 -6.33230268585015E-07
125.605301682877 -6.28672724184783E-07
126.605301680352 -6.23529848845109E-07
127.605301677828 -6.18217515649262E-07
128.605301675303 -6.11917246942935E-07
129.605301672778 -6.09686999587539E-07
130.605301670253 -6.05908506405279E-07
131.605301667729 -6.00828182623253E-07
132.605301665204 -5.96435925975349E-07
133.605301662679 -5.92462575213509E-07
134.605301660154 -5.91021235685171E-07
135.60530165763 -5.90253557477678E-07
136.605301655105 -5.85399935704581E-07
137.60530165258 -5.84232685728843E-07
138.605301650055 -5.8229358744177E-07
139.60530164753 -5.86258597995924E-07
140.605301645006 -5.8833606791052E-07
141.605301642481 -5.88950968677213E-07
142.605301639956 -5.89869528823758E-07
143.605301637431 -5.92500485248447E-07
144.605301634907 -5.93921353357919E-07
145.605301632382 -5.96089049155668E-07
146.605301629857 -5.98246509243983E-07
147.605301627332 -5.98931164474961E-07
148.605301624808 -5.98997507036102E-07
149.605301622283 -5.98648355614324E-07
150.605301619758 -5.95138265479426E-07
151.605301617233 -5.9323745632764E-07
152.605301614709 -5.8956321574146E-07
153.605301612184 -5.83973381089868E-07
154.605301609659 -5.79214155303765E-07
155.605301607134 -5.74190317473797E-07
156.60530160461 -5.68331700674495E-07
157.605301602085 -5.61834299786491E-07
158.60530159956 -5.53710179299301E-07
159.605301597035 -5.50313819269216E-07
160.605301594511 -5.47098290105784E-07
161.605301591986 -5.44491217003105E-07
162.605301589461 -5.4196792507764E-07
163.605301586936 -5.38551093628688E-07
164.605301584412 -5.36718143439441E-07
165.605301581887 -5.35703670904503E-07
166.605301579362 -5.33195922093362E-07
167.605301576837 -5.32265609835986E-07
168.605301574313 -5.30802661587733E-07
169.605301571788 -5.31328852872671E-07
170.605301569263 -5.28510620875388E-07
171.605301566738 -5.28165639557453E-07
172.605301564214 -5.25097201329581E-07
173.605301561689 -5.26108641061723E-07
174.605301559164 -5.24864433715062E-07
175.605301556639 -5.22289584142081E-07
176.605301554114 -5.20130986752717E-07
177.60530155159 -5.17434825067935E-07
178.605301549065 -5.13877650669643E-07
179.60530154654 -5.11079435170807E-07
180.605301544015 -5.07013963024068E-07
181.605301541491 -5.04731172360248E-07
182.605301538966 -5.00444002329192E-07
183.605301536441 -4.94346514399748E-07
184.605301533916 -4.88698487844526E-07
185.605301531392 -4.82508651069973E-07
186.605301528867 -4.75628434649165E-07
187.605301526342 -4.69286009983987E-07
188.605301523817 -4.63765436966227E-07
189.605301521293 -4.58160893221079E-07
190.605301518768 -4.52957210185365E-07
191.605301516243 -4.50174461980784E-07
192.605301513718 -4.44248896059783E-07
193.605301511194 -4.43571292095303E-07
194.605301508669 -4.40555169715644E-07
195.605301506144 -4.41039659962151E-07
196.605301503619 -4.41463001322302E-07
197.605301501095 -4.40446974475932E-07
198.60530149857 -4.41756993643245E-07
199.605301496045 -4.44767732797942E-07
200.60530149352 -4.46507348481172E-07
201.605301490996 -4.48022347207395E-07
202.605301488471 -4.50592912946428E-07
203.605301485946 -4.52910050101902E-07
204.605301483421 -4.55370487189441E-07
205.605301480897 -4.57302003469526E-07
206.605301478372 -4.59593210161103E-07
207.605301475847 -4.61196880459045E-07
208.605301473322 -4.61076364457977E-07
209.605301470797 -4.61562143645671E-07
210.605301468273 -4.60763492939635E-07
211.605301465748 -4.59009623083269E-07
212.605301463223 -4.57546068274456E-07
213.605301460698 -4.55158721734278E-07
214.605301458174 -4.50718887992527E-07
215.605301455649 -4.47224340971953E-07
216.605301453124 -4.42120778338509E-07
217.605301450599 -4.37161690848214E-07
218.605301448075 -4.31263192692158E-07
219.60530144555 -4.25207974451669E-07
220.605301443025 -4.20178829216809E-07
221.6053014405 -4.1446855438422E-07
222.605301437976 -4.093624138684E-07
223.605301435451 -4.04896990853067E-07
224.605301432926 -4.01070200286296E-07
225.605301430401 -3.97168234120244E-07
226.605301427877 -3.95054598032318E-07
227.605301425352 -3.93743289923816E-07
228.605301422827 -3.93285412521836E-07
229.605301420302 -3.92538736473699E-07
230.605301417778 -3.90895108998932E-07
231.605301415253 -3.9081693850689E-07
232.605301412728 -3.91569983440897E-07
233.605301410203 -3.91473767772224E-07
234.605301407679 -3.91398364712733E-07
235.605301405154 -3.91100316018051E-07
236.605301402629 -3.90519344732628E-07
237.605301400104 -3.90638723432647E-07
238.60530139758 -3.89969270125679E-07
239.605301395055 -3.89912822083657E-07
240.60530139253 -3.88522812742624E-07
241.605301390005 -3.89291097510675E-07
242.60530138748 -3.89707994164887E-07
243.605301384956 -3.89630657693614E-07
244.605301382431 -3.90459484787461E-07
245.605301379906 -3.91153579617139E-07
246.605301377381 -3.91338466857531E-07
247.605301374857 -3.92289553814053E-07
248.605301372332 -3.94364066745924E-07
249.605301369807 -3.95810903229328E-07
250.605301367282 -3.95572335379464E-07
251.605301364758 -3.94662722001165E-07
252.605301362233 -3.9279792738257E-07
253.605301359708 -3.91681325213509E-07
254.605301357183 -3.90416987638296E-07
255.605301354659 -3.87565963460792E-07
256.605301352134 -3.85549187512131E-07
257.605301349609 -3.83122111255338E-07
258.605301347084 -3.80987397187985E-07
259.60530134456 -3.78606798634026E-07
260.605301342035 -3.76590591335889E-07
261.60530133951 -3.74901585549301E-07
262.605301336985 -3.73306786199534E-07
263.605301334461 -3.73609725288723E-07
264.605301331936 -3.73273766559103E-07
265.605301329411 -3.72586609265819E-07
266.605301326886 -3.74446058569488E-07
267.605301324362 -3.76383337174883E-07
268.605301321837 -3.79004171620245E-07
269.605301319312 -3.82012939453125E-07
270.605301316787 -3.83954615622574E-07
271.605301314263 -3.84688440168866E-07
272.605301311738 -3.84610838327348E-07
273.605301309213 -3.83813893572884E-07
274.605301306688 -3.81838363742236E-07
275.605301304164 -3.79876405704095E-07
276.605301301639 -3.76775554396351E-07
277.605301299114 -3.72456729486122E-07
278.605301296589 -3.6852689944439E-07
279.605301294064 -3.65115792410714E-07
280.60530129154 -3.60296782499515E-07
281.605301289015 -3.5595979868255E-07
282.60530128649 -3.5057956861413E-07
283.605301283965 -3.4649972856415E-07
284.605301281441 -3.42861312960986E-07
285.605301278916 -3.39005634947593E-07
286.605301276391 -3.35777330102387E-07
287.605301273866 -3.32472636536782E-07
288.605301271342 -3.31515521884705E-07
289.605301268817 -3.29756344623447E-07
290.605301266292 -3.28482112529115E-07
291.605301263767 -3.27656583608307E-07
292.605301261243 -3.27002900875873E-07
293.605301258718 -3.27889464952931E-07
294.605301256193 -3.2876590705066E-07
295.605301253668 -3.29691935474088E-07
296.605301251144 -3.31882680573078E-07
297.605301248619 -3.34518603212345E-07
298.605301246094 -3.37407992345206E-07
299.605301243569 -3.40950078549592E-07
300.605301241045 -3.4616107822205E-07
301.60530123852 -3.52332035799204E-07
302.605301235995 -3.57571164717585E-07
303.60530123347 -3.64271384292508E-07
304.605301230946 -3.69502931203901E-07
305.605301228421 -3.76531186311141E-07
306.605301225896 -3.81626787837248E-07
307.605301223371 -3.8671230529406E-07
308.605301220847 -3.90039555330454E-07
309.605301218322 -3.92230679529794E-07
310.605301215797 -3.94400460379464E-07
311.605301213272 -3.94164242951766E-07
312.605301210747 -3.93492477132667E-07
313.605301208223 -3.93025994152756E-07
314.605301205698 -3.91185196586277E-07
315.605301203173 -3.9010032511646E-07
316.605301200648 -3.87605314077057E-07
317.605301198124 -3.8428939914111E-07
318.605301195599 -3.81631147491265E-07
319.605301193074 -3.77624852909064E-07
320.605301190549 -3.73909214564732E-07
321.605301188025 -3.70141260372186E-07
322.6053011855 -3.67846982967779E-07
323.605301182975 -3.65126255580357E-07
324.60530118045 -3.63027025305707E-07
325.605301177926 -3.60831124441964E-07
326.605301175401 -3.5807506490198E-07
327.605301172876 -3.5652791846613E-07
328.605301170351 -3.5451982391547E-07
329.605301167827 -3.52813152052601E-07
330.605301165302 -3.50123169703513E-07
331.605301162777 -3.4934097195264E-07
332.605301160252 -3.48200334821428E-07
333.605301157728 -3.47512419327446E-07
334.605301155203 -3.46513831097147E-07
335.605301152678 -3.46056749805901E-07
336.605301150153 -3.45748162121506E-07
337.605301147629 -3.4486667798913E-07
338.605301145104 -3.44690358416634E-07
339.605301142579 -3.42631199048913E-07
340.605301140054 -3.41931645174204E-07
341.60530113753 -3.39344285289693E-07
342.605301135005 -3.37869660750679E-07
343.60530113248 -3.35875441272807E-07
344.605301129955 -3.33768553171099E-07
345.60530112743 -3.32345296729425E-07
346.605301124906 -3.30663797129755E-07
347.605301122381 -3.28762343507376E-07
348.605301119856 -3.26586800332395E-07
349.605301117331 -3.2457881951184E-07
350.605301114807 -3.21635749769507E-07
351.605301112282 -3.20211052746506E-07
352.605301109757 -3.17931484435656E-07
353.605301107232 -3.17073314974767E-07
354.605301104708 -3.15922252583948E-07
355.605301102183 -3.13086544060559E-07
356.605301099658 -3.11321339103746E-07
357.605301097133 -3.11342454993207E-07
358.605301094609 -3.10655676800272E-07
359.605301092084 -3.10575989906832E-07
360.605301089559 -3.11219436929833E-07
361.605301087034 -3.10447095788043E-07
362.60530108451 -3.10797991071429E-07
363.605301081985 -3.0874929487335E-07
364.60530107946 -3.08573695591518E-07
365.605301076935 -3.0903312730493E-07
366.605301074411 -3.09557536818226E-07
367.605301071886 -3.11805905170322E-07
368.605301069361 -3.11927748022613E-07
369.605301066836 -3.09680479061529E-07
370.605301064312 -3.0987256920856E-07
371.605301061787 -3.09093290530377E-07
372.605301059262 -3.07400038819876E-07
373.605301056737 -3.08368261112189E-07
374.605301054213 -3.06088692801339E-07
375.605301051688 -3.04562851805124E-07
376.605301049163 -3.03853327591227E-07
377.605301046638 -3.02765764508929E-07
378.605301044114 -3.0289299058618E-07
379.605301041589 -3.01953542010384E-07
380.605301039064 -3.01648934879658E-07
381.605301036539 -3.01624482907123E-07
382.605301034014 -3.00668581376165E-07
383.60530103149 -3.00510306980299E-07
384.605301028965 -3.00424592391304E-07
385.60530102644 -2.99321334554542E-07
386.605301023915 -2.99614000024262E-07
387.605301021391 -3.00155089952931E-07
388.605301018866 -2.98867778896545E-07
389.605301016341 -2.97652648546681E-07
390.605301013816 -2.96327351635287E-07
391.605301011292 -2.93447174640916E-07
392.605301008767 -2.94032126480008E-07
393.605301006242 -2.92130180027174E-07
394.605301003717 -2.90477757424301E-07
395.605301001193 -2.9045694481512E-07
396.605300998668 -2.88504426375679E-07
397.605300996143 -2.88602765006308E-07
398.605300993618 -2.88467994832104E-07
399.605300991094 -2.86886994735054E-07
400.605300988569 -2.85958805439635E-07
401.605300986044 -2.8627960015528E-07
402.605300983519 -2.87607816139363E-07
403.605300980995 -2.87417128663626E-07
404.60530097847 -2.88339479813665E-07
405.605300975945 -2.88718504342973E-07
406.60530097342 -2.87613843834918E-07
407.605300970896 -2.85551992854717E-07
408.605300968371 -2.82619917022516E-07
409.605300965846 -2.77957854655959E-07
410.605300963321 -2.73012983428765E-07
411.605300960797 -2.68456652149651E-07
412.605300958272 -2.63936979874321E-07
413.605300955747 -2.56127512677116E-07
414.605300953222 -2.49960952664014E-07
415.605300950697 -2.45389343640819E-07
416.605300948173 -2.40171899262422E-07
417.605300945648 -2.36782514678765E-07
418.605300943123 -2.33721468907706E-07
419.605300940598 -2.31478180500291E-07
420.605300938074 -2.28342451960404E-07
421.605300935549 -2.27622426666828E-07
422.605300933024 -2.29121692728552E-07
423.605300930499 -2.30031685207201E-07
424.605300927975 -2.31065112759608E-07
425.60530092545 -2.33415231645477E-07
426.605300922925 -2.36601873362286E-07
427.6053009204 -2.37897562536394E-07
428.605300917876 -2.40265688688859E-07
429.605300915351 -2.42998016546972E-07
430.605300912826 -2.43918699655474E-07
431.605300910301 -2.44834226999224E-07
432.605300907777 -2.46451810279988E-07
433.605300905252 -2.44692064368206E-07
434.605300902727 -2.43378860757958E-07
435.605300900202 -2.42288416513005E-07
436.605300897678 -2.42366397454872E-07
437.605300895153 -2.42532481317935E-07
438.605300892628 -2.42917988463218E-07
439.605300890103 -2.44455809030474E-07
440.605300887579 -2.44676634983987E-07
441.605300885054 -2.45386235017954E-07
442.605300882529 -2.45582419448758E-07
443.605300880004 -2.47248186383929E-07
444.60530087748 -2.47364494371118E-07
445.605300874955 -2.47522086386355E-07
446.60530087243 -2.48265236801242E-07
447.605300869905 -2.50144588873253E-07
448.60530086738 -2.51635211447011E-07
449.605300864856 -2.51242425575019E-07
450.605300862331 -2.51489674822884E-07
451.605300859806 -2.51713192388878E-07
452.605300857281 -2.50611943783967E-07
453.605300854757 -2.48680541233987E-07
454.605300852232 -2.46001893985345E-07
455.605300849707 -2.43403350640528E-07
456.605300847182 -2.43315058169158E-07
457.605300844658 -2.42353887143342E-07
458.605300842133 -2.41622223469041E-07
459.605300839608 -2.41325729085792E-07
460.605300837083 -2.41447913128397E-07
461.605300834559 -2.40412248883929E-07
462.605300832034 -2.39499147782415E-07
463.605300829509 -2.39323927600932E-07
464.605300826984 -2.38621909573952E-07
465.60530082446 -2.37434036539208E-07
466.605300821935 -2.35480115428474E-07
467.60530081941 -2.34948199728261E-07
468.605300816885 -2.34639157123447E-07
469.605300814361 -2.34080780218847E-07
470.605300811836 -2.33444574012519E-07
471.605300809311 -2.32383434224573E-07
472.605300806786 -2.32263752244274E-07
473.605300804262 -2.31876804517663E-07
474.605300801737 -2.30960784343459E-07
475.605300799212 -2.29863554202252E-07
476.605300796687 -2.30063984556968E-07
477.605300794163 -2.31149955417799E-07
478.605300791638 -2.31149386767275E-07
479.605300789113 -2.29635790712345E-07
480.605300786588 -2.30684496008831E-07
481.605300784064 -2.31255610685171E-07
482.605300781539 -2.31401147309297E-07
483.605300779014 -2.32128375509511E-07
484.605300776489 -2.32856172360248E-07
485.605300773964 -2.32322891898777E-07
486.60530077144 -2.31105297396642E-07
487.605300768915 -2.29225035483793E-07
488.60530076639 -2.27644262846953E-07
489.605300763865 -2.26348459942741E-07
490.605300761341 -2.25428952045322E-07
491.605300758816 -2.24267957225349E-07
492.605300756291 -2.23567152319487E-07
493.605300753766 -2.22579368449146E-07
494.605300751242 -2.21139317861995E-07
495.605300748717 -2.19806855953998E-07
496.605300746192 -2.18774148692255E-07
497.605300743667 -2.17060008552504E-07
498.605300741143 -2.16615513392857E-07
499.605300738618 -2.14765048767469E-07
500.605300736093 -2.13838375873447E-07
501.605300733568 -2.1392507612335E-07
502.605300731044 -2.15317473796584E-07
503.605300728519 -2.15559605189732E-07
504.605300725994 -2.16497651094235E-07
505.605300723469 -2.17572552224864E-07
506.605300720945 -2.18178657863451E-07
507.60530071842 -2.18154433351126E-07
508.605300715895 -2.17947368740295E-07
509.60530071337 -2.17755543963509E-07
510.605300710846 -2.18787265564344E-07
511.605300708321 -2.1940633643488E-07
512.605300705796 -2.20751574024651E-07
513.605300703271 -2.21413445324631E-07
514.605300700747 -2.21880383224961E-07
515.605300698222 -2.22263881138393E-07
516.605300695697 -2.22660230553668E-07
517.605300693172 -2.23062039013975E-07
518.605300690647 -2.22851903690314E-07
519.605300688123 -2.22086992915373E-07
520.605300685598 -2.22046504998059E-07
521.605300683073 -2.21423453573855E-07
522.605300680548 -2.22053404624418E-07
523.605300678024 -2.21762634656444E-07
524.605300675499 -2.20027264897127E-07
525.605300672974 -2.18896029454581E-07
526.605300670449 -2.18179150693905E-07
527.605300667925 -2.17049014642372E-07
528.6053006654 -2.1633937669837E-07
529.605300662875 -2.14684641583366E-07
530.60530066035 -2.13785415554639E-07
531.605300657826 -2.13510074970885E-07
532.605300655301 -2.13595979110054E-07
533.605300652776 -2.13109896642081E-07
534.605300650251 -2.13396155315897E-07
535.605300647727 -2.12998213679154E-07
536.605300645202 -2.13182304808812E-07
537.605300642677 -2.13114180476029E-07
538.605300640152 -2.13368935910811E-07
539.605300637628 -2.13471444645283E-07
540.605300635103 -2.13522130361995E-07
541.605300632578 -2.13394146084045E-07
542.605300630053 -2.1341552734375E-07
543.605300627529 -2.13622288674301E-07
544.605300625004 -2.13325983841227E-07
545.605300622479 -2.12972510675466E-07
546.605300619954 -2.11884758042993E-07
547.60530061743 -2.11317396460112E-07
548.605300614905 -2.10374346430998E-07
549.60530061238 -2.09088475955939E-07
550.605300609855 -2.08160893221079E-07
551.60530060733 -2.06393906492624E-07
552.605300604806 -2.05313243036685E-07
553.605300602281 -2.04011829447302E-07
554.605300599756 -2.02930862711083E-07
555.605300597231 -2.01984059588509E-07
556.605300594707 -2.01166757145283E-07
557.605300592182 -2.00441955187306E-07
558.605300589657 -2.002685546875E-07
559.605300587132 -1.99511301739616E-07
560.605300584608 -1.9919403265722E-07
561.605300582083 -1.98204921935656E-07
562.605300579558 -1.98264933520963E-07
563.605300577033 -1.98507027004076E-07
564.605300574509 -1.98747679905862E-07
565.605300571984 -1.99160406456231E-07
566.605300569459 -1.99888317037073E-07
567.605300566934 -2.00472321125291E-07
568.60530056441 -2.01139954750582E-07
569.605300561885 -2.01170699788917E-07
570.60530055936 -2.01449111085501E-07
571.605300556835 -2.01984590328998E-07
572.605300554311 -2.02179030898195E-07
573.605300551786 -2.02283700504658E-07
574.605300549261 -2.02792453173525E-07
575.605300546736 -2.03677993679639E-07
576.605300544212 -2.04417049810753E-07
577.605300541687 -2.05015308072108E-07
578.605300539162 -2.05716871178668E-07
579.605300536637 -2.057467442862E-07
580.605300534113 -2.06837415991363E-07
581.605300531588 -2.07894158215256E-07
582.605300529063 -2.08665741156347E-07
583.605300526538 -2.09596015503688E-07
584.605300524014 -2.10855917604814E-07
585.605300521489 -2.11444167616945E-07
586.605300518964 -2.11591940933133E-07
587.605300516439 -2.11763521751262E-07
588.605300513914 -2.12098229449728E-07
589.60530051139 -2.11302346176242E-07
590.605300508865 -2.11837067219041E-07
591.60530050634 -2.11165642590256E-07
592.605300503815 -2.11302042895963E-07
593.605300501291 -2.11154269579775E-07
594.605300498766 -2.10616022903727E-07
595.605300496241 -2.1068437469672E-07
596.605300493716 -2.10045287327737E-07
597.605300491192 -2.09619898825699E-07
598.605300488667 -2.0879497646545E-07
599.605300486142 -2.0708906280328E-07
600.605300483617 -2.06831312475738E-07
601.605300481093 -2.06602904515237E-07
602.605300478568 -2.07746801909453E-07
603.605300476043 -2.08231671256308E-07
604.605300473518 -2.08181440460016E-07
605.605300470994 -2.08704940132473E-07
606.605300468469 -2.09224952081716E-07
607.605300465944 -2.1000339673913E-07
608.605300463419 -2.1053474378882E-07
609.605300460895 -2.10218119177019E-07
610.60530045837 -2.11208026009317E-07
611.605300455845 -2.12469937342294E-07
612.60530045332 -2.14358122452446E-07
613.605300450796 -2.14714400960792E-07
614.605300448271 -2.15413954835501E-07
615.605300445746 -2.15822776652271E-07
616.605300443221 -2.15699000388199E-07
617.605300440697 -2.156557071283E-07
618.605300438172 -2.14612726247088E-07
619.605300435647 -2.14056737674689E-07
620.605300433122 -2.13327348602485E-07
621.605300430597 -2.12128860757958E-07
622.605300428073 -2.12784325262034E-07
623.605300425548 -2.12338351611025E-07
624.605300423023 -2.12107024577834E-07
625.605300420498 -2.11476580696817E-07
626.605300417974 -2.109099394046E-07
627.605300415449 -2.10430491192741E-07
628.605300412924 -2.1017759334967E-07
629.605300410399 -2.09949488669449E-07
630.605300407875 -2.09464846782803E-07
631.60530040535 -2.08880994334724E-07
632.605300402825 -2.10036302649456E-07
633.6053004003 -2.1033313822302E-07
634.605300397776 -2.10051390843362E-07
635.605300395251 -2.10047675659938E-07
636.605300392726 -2.10052111134026E-07
637.605300390201 -2.10316040797263E-07
638.605300387677 -2.10783547348117E-07
639.605300385152 -2.1107507551679E-07
640.605300382627 -2.11039136803668E-07
641.605300380102 -2.11256437123932E-07
642.605300377578 -2.1127292798913E-07
643.605300375053 -2.1152044260724E-07
644.605300372528 -2.12220489312403E-07
645.605300370003 -2.12213741326184E-07
646.605300367479 -2.1206024359472E-07
647.605300364954 -2.11250485248447E-07
648.605300362429 -2.11033374478358E-07
649.605300359904 -2.10363238790761E-07
650.60530035738 -2.10376772673234E-07
651.605300354855 -2.10108407535908E-07
652.60530035233 -2.0912471794934E-07
653.605300349805 -2.08458183715062E-07
654.60530034728 -2.07861631405279E-07
655.605300344756 -2.07300183787849E-07
656.605300342231 -2.06220619722923E-07
657.605300339706 -2.05245421984181E-07
658.605300337181 -2.04094662873641E-07
659.605300334657 -2.03051075431871E-07
660.605300332132 -2.01550596249029E-07
661.605300329607 -2.00462009595788E-07
662.605300327082 -1.99959095072302E-07
663.605300324558 -1.99611156771642E-07
664.605300322033 -1.99699373422943E-07
665.605300319508 -2.00687157293284E-07
666.605300316983 -2.01337276482434E-07
667.605300314459 -2.01987736861898E-07
668.605300311934 -2.02704501892469E-07
669.605300309409 -2.04403061007861E-07
670.605300306884 -2.06400654478843E-07
671.60530030436 -2.08006258188567E-07
672.605300301835 -2.09773965207686E-07
673.60530029931 -2.11546827991557E-07
674.605300296785 -2.12570512664984E-07
675.605300294261 -2.14187527295225E-07
676.605300291736 -2.1570438361316E-07
677.605300289211 -2.16417850470691E-07
678.605300286686 -2.17005986752717E-07
679.605300284162 -2.17097160386743E-07
680.605300281637 -2.17752511160714E-07
681.605300279112 -2.18290795746797E-07
682.605300276587 -2.18461390904018E-07
683.605300274063 -2.19593043356949E-07
684.605300271538 -2.20610662424787E-07
685.605300269013 -2.21540292301533E-07
686.605300266488 -2.22412943395769E-07
687.605300263964 -2.23415284719526E-07
688.605300261439 -2.23499634547263E-07
689.605300258914 -2.23300341493595E-07
690.605300256389 -2.22841440520672E-07
691.605300253864 -2.22856869904891E-07
692.60530025134 -2.21531155983113E-07
693.605300248815 -2.20478849233307E-07
694.60530024629 -2.19688045904503E-07
695.605300243765 -2.18757051266498E-07
696.605300241241 -2.17328942340353E-07
697.605300238716 -2.16539314222632E-07
698.605300236191 -2.15856478673331E-07
699.605300233666 -2.14368016971564E-07
700.605300231142 -2.14769446331522E-07
701.605300228617 -2.14503924446817E-07
702.605300226092 -2.14915399966033E-07
703.605300223567 -2.14715045431386E-07
704.605300221043 -2.1447776652271E-07
705.605300218518 -2.149445527829E-07
706.605300215993 -2.15425555306192E-07
707.605300213468 -2.15781454714189E-07
708.605300210944 -2.16210103479231E-07
709.605300208419 -2.15786041828416E-07
710.605300205894 -2.16373571549884E-07
711.605300203369 -2.16692774044061E-07
712.605300200845 -2.17048597631988E-07
713.60530019832 -2.17576077858113E-07
714.605300195795 -2.17411965316867E-07
715.60530019327 -2.18054085488645E-07
716.605300190746 -2.18306717961471E-07
717.605300188221 -2.18501727181192E-07
718.605300185696 -2.18550858586471E-07
719.605300183171 -2.18148329835501E-07
720.605300180647 -2.18880296790082E-07
721.605300178122 -2.18722249854425E-07
722.605300175597 -2.19991439914111E-07
723.605300173072 -2.19546414013975E-07
724.605300170547 -2.18591422323855E-07
725.605300168023 -2.18067164450699E-07
726.605300165498 -2.17201829993206E-07
727.605300162973 -2.16360985418284E-07
728.605300160448 -2.1595781219672E-07
729.605300157924 -2.15587658615586E-07
730.605300155399 -2.153595918454E-07
731.605300152874 -2.15076517614519E-07
732.605300150349 -2.16387484532706E-07
733.605300147825 -2.16907761852193E-07
734.6053001453 -2.16780232494662E-07
735.605300142775 -2.1678436468847E-07
736.60530014025 -2.1673583984375E-07
737.605300137726 -2.17107661466421E-07
738.605300135201 -2.17027747112772E-07
739.605300132676 -2.17137193383637E-07
740.605300130151 -2.171662324704E-07
741.605300127627 -2.17207251128203E-07
742.605300125102 -2.18293411539208E-07
743.605300122577 -2.18302547857628E-07
744.605300120052 -2.18757733647127E-07
745.605300117528 -2.18344590086374E-07
746.605300115003 -2.17971441612481E-07
747.605300112478 -2.18073192146254E-07
748.605300109953 -2.17675894980105E-07
749.605300107429 -2.17980843301145E-07
750.605300104904 -2.18473029284744E-07
751.605300102379 -2.19077504791828E-07
752.605300099854 -2.19329909804445E-07
753.60530009733 -2.19418846746409E-07
754.605300094805 -2.19212957346661E-07
755.60530009228 -2.17697882800369E-07
756.605300089755 -2.15501110005823E-07
757.60530008723 -2.13650986570749E-07
758.605300084706 -2.11329338121118E-07
759.605300082181 -2.08894490307162E-07
760.605300079656 -2.06055748980978E-07
761.605300077131 -2.03339987808133E-07
762.605300074607 -2.0159605038092E-07
763.605300072082 -1.99633182501941E-07
764.605300069557 -1.98272477617915E-07
765.605300067032 -1.96973376540664E-07
766.605300064508 -1.95686103394313E-07
767.605300061983 -1.95241570324631E-07
768.605300059458 -1.95127499029503E-07
769.605300056933 -1.95418610187791E-07
770.605300054409 -1.96920795322205E-07
771.605300051884 -1.98570260942352E-07
772.605300049359 -2.0032344841809E-07
773.605300046834 -2.02475866471759E-07
774.60530004431 -2.04186367248156E-07
775.605300041785 -2.05719221600835E-07
776.60530003926 -2.06719477872671E-07
777.605300036735 -2.0716253245099E-07
778.605300034211 -2.07941318298719E-07
779.605300031686 -2.08363560267857E-07
780.605300029161 -2.08639924422554E-07
781.605300026636 -2.09155311347535E-07
782.605300024112 -2.09286897078804E-07
783.605300021587 -2.09328673937306E-07
784.605300019062 -2.09870976987092E-07
785.605300016537 -2.09415184637034E-07
786.605300014013 -2.0920387410229E-07
787.605300011488 -2.08967884134802E-07
788.605300008963 -2.08452118109472E-07
789.605300006438 -2.08592498968847E-07
790.605300003914 -2.0858760857434E-07
791.605300001389 -2.08449540227096E-07
792.605299998864 -2.08696182914402E-07
793.605299996339 -2.07889836471273E-07
794.605299993814 -2.07833160969041E-07
795.60529999129 -2.0782785356415E-07
796.605299988765 -2.07846467391304E-07
797.60529998624 -2.0788566636743E-07
798.605299983715 -2.07865687779018E-07
799.605299981191 -2.08010390382376E-07
800.605299978666 -2.08286451256793E-07
801.605299976141 -2.08693112201572E-07
802.605299973616 -2.09196898655862E-07
803.605299971092 -2.09563602423816E-07
804.605299968567 -2.09717782535908E-07
805.605299966042 -2.09779537982822E-07
