Title: 20 uL Nanoaldolaz
Label: 06.01.2021 13:53:40
6.5568669834455 -5.97302928474379E-06
7.55686698092074 -5.90064765503688E-06
8.55686697839599 -5.79545109908773E-06
9.55686697587123 -5.67338078658773E-06
10.5568669733465 -5.54420310073758E-06
11.5568669708217 -5.39325823102678E-06
12.556866968297 -5.05583010845303E-06
13.5568669657722 -4.82742935085889E-06
14.5568669632474 -4.67639918356948E-06
15.5568669607227 -4.59549878991168E-06
16.5568669581979 -4.57186908603455E-06
17.5568669556732 -4.59351154588024E-06
18.5568669531484 -4.65676026907026E-06
19.5568669506237 -4.72887994043575E-06
20.5568669480989 -4.85063142954192E-06
21.5568669455741 -5.00293461580454E-06
22.5568669430494 -5.16667525960792E-06
23.5568669405246 -5.3706346594769E-06
24.5568669379999 -5.58211541027756E-06
25.5568669354751 -5.79761462478164E-06
26.5568669329504 -5.95944081182065E-06
27.5568669304256 -6.06343524056192E-06
28.5568669279008 -6.1954944681677E-06
29.5568669253761 -6.25135831655183E-06
30.5568669228513 -6.28362695919061E-06
31.5568669203266 -6.2833536278387E-06
32.5568669178018 -6.22388756793478E-06
33.5568669152771 -6.09868171644507E-06
34.5568669127523 -5.90914632666925E-06
35.5568669102275 -5.91831373131794E-06
36.5568669077028 -5.90410125921972E-06
37.556866905178 -5.8934295843847E-06
38.5568669026533 -5.86649071355784E-06
39.5568669001285 -5.8147586798816E-06
40.5568668976038 -5.75472055755047E-06
41.556866895079 -5.64757542580551E-06
42.5568668925542 -5.5611595011646E-06
43.5568668900295 -5.47975149213897E-06
44.5568668875047 -5.39390421802213E-06
45.55686688498 -5.30718122209821E-06
46.5568668824552 -5.20716317692158E-06
47.5568668799305 -5.10460895040761E-06
48.5568668774057 -4.98847838218168E-06
49.5568668748809 -4.89324041331036E-06
50.5568668723562 -4.84639839504076E-06
51.5568668698314 -4.79185950237772E-06
52.5568668673067 -4.75533053001262E-06
53.5568668647819 -4.71712782960501E-06
54.5568668622572 -4.68396564744274E-06
55.5568668597324 -4.6643058824243E-06
56.5568668572076 -4.64518861000582E-06
57.5568668546829 -4.62589846782803E-06
58.5568668521581 -4.60496492563568E-06
59.5568668496334 -4.59056100786102E-06
60.5568668471086 -4.55610760990877E-06
61.5568668445839 -4.5076919460889E-06
62.5568668420591 -4.44916567595109E-06
63.5568668395343 -4.37264540773001E-06
64.5568668370096 -4.33685833474864E-06
65.5568668344848 -4.30555526069973E-06
66.5568668319601 -4.27567153835889E-06
67.5568668294353 -4.24616085076184E-06
68.5568668269106 -4.21224160520186E-06
69.5568668243858 -4.17510152307356E-06
70.556866821861 -4.13512918223505E-06
71.5568668193363 -4.08909388950893E-06
72.5568668168115 -4.03925356657608E-06
73.5568668142868 -3.99049519604037E-06
74.556866811762 -3.93444217658191E-06
75.5568668092372 -3.87355486946817E-06
76.5568668067125 -3.81409222146739E-06
77.5568668041877 -3.75556064392469E-06
78.556866801663 -3.69639786430027E-06
79.5568667991382 -3.63491953974185E-06
80.5568667966135 -3.57968992624224E-06
81.5568667940887 -3.52966801424204E-06
82.5568667915639 -3.4812910186578E-06
83.5568667890392 -3.44373127244274E-06
84.5568667865144 -3.41031698854814E-06
85.5568667839897 -3.38270559370147E-06
86.5568667814649 -3.36048500582298E-06
87.5568667789402 -3.34470154187694E-06
88.5568667764154 -3.33821892590256E-06
89.5568667738906 -3.33486540421196E-06
90.5568667713659 -3.32668138586956E-06
91.5568667688411 -3.31747948308909E-06
92.5568667663164 -3.30727637628591E-06
93.5568667637916 -3.2949518239276E-06
94.5568667612669 -3.28150740913723E-06
95.5568667587421 -3.26828893815509E-06
96.5568667562173 -3.24787286793963E-06
97.5568667536926 -3.22678616920613E-06
98.5568667511678 -3.20221895016498E-06
99.5568667486431 -3.1779201341712E-06
100.556866746118 -3.14833135190217E-06
101.556866743594 -3.12109943650524E-06
102.556866741069 -3.10102190290178E-06
103.556866738544 -3.07848514533191E-06
104.556866736019 -3.05669180354717E-06
105.556866733495 -3.04306466238839E-06
106.55686673097 -3.0307294952203E-06
107.556866728445 -3.02252993376359E-06
108.55686672592 -3.02051160350349E-06
109.556866723396 -3.02390985903533E-06
110.556866720871 -3.03111617757667E-06
111.556866718346 -3.03642130786588E-06
112.556866715821 -3.03780995244565E-06
113.556866713296 -3.03820307950796E-06
114.556866710772 -3.03716472365101E-06
115.556866708247 -3.02983064829192E-06
116.556866705722 -3.01920484459918E-06
117.556866703197 -3.00072370256696E-06
118.556866700673 -2.97703182623253E-06
119.556866698148 -2.94739110721564E-06
120.556866695623 -2.91102476890043E-06
121.556866693098 -2.87516452955163E-06
122.556866690574 -2.833614373059E-06
123.556866688049 -2.79407534391984E-06
124.556866685524 -2.75222607725155E-06
125.556866682999 -2.70430096928377E-06
126.556866680475 -2.65631520526009E-06
127.55686667795 -2.61228762798428E-06
128.556866675425 -2.56721676654697E-06
129.5568666729 -2.52334992781929E-06
130.556866670376 -2.48250755167896E-06
131.556866667851 -2.44521241750776E-06
132.556866665326 -2.41047431519313E-06
133.556866662801 -2.37459891183036E-06
134.556866660277 -2.34019820882667E-06
135.556866657752 -2.30584565156735E-06
136.556866655227 -2.27191086289305E-06
137.556866652702 -2.24095049555998E-06
138.556866650178 -2.21362797517954E-06
139.556866647653 -2.18568638392857E-06
140.556866645128 -2.16203696683327E-06
141.556866642603 -2.14175813094429E-06
142.556866640079 -2.11999018888296E-06
143.556866637554 -2.10145180269798E-06
144.556866635029 -2.07877591529988E-06
145.556866632504 -2.05887959166343E-06
146.556866629979 -2.0397312330163E-06
147.556866627455 -2.02598922445167E-06
148.55686662493 -2.00890582540761E-06
149.556866622405 -1.99242330041731E-06
150.55686661988 -1.97927913310365E-06
151.556866617356 -1.96808429978649E-06
152.556866614831 -1.95667830757473E-06
153.556866612306 -1.9424419521545E-06
154.556866609781 -1.92620394688956E-06
155.556866607257 -1.90237786903144E-06
156.556866604732 -1.87491773522418E-06
157.556866602207 -1.8465875661151E-06
158.556866599682 -1.81674895671584E-06
159.556866597158 -1.78615897042411E-06
160.556866594633 -1.75382360612384E-06
161.556866592108 -1.72086462174884E-06
162.556866589583 -1.68849172651397E-06
163.556866587059 -1.65574845023777E-06
164.556866584534 -1.62018656286394E-06
165.556866582009 -1.5898460246021E-06
166.556866579484 -1.56531406189344E-06
167.55686657696 -1.54726698976126E-06
168.556866574435 -1.53322852472341E-06
169.55686657191 -1.52275739397321E-06
170.556866569385 -1.51288675817644E-06
171.556866566861 -1.50821548367139E-06
172.556866564336 -1.50900780340159E-06
173.556866561811 -1.50720745584239E-06
174.556866559286 -1.5014341366217E-06
175.556866556762 -1.49291537267081E-06
176.556866554237 -1.48160453464674E-06
177.556866551712 -1.467190760263E-06
178.556866549187 -1.45020024080454E-06
179.556866546662 -1.43192495026203E-06
180.556866544138 -1.40778611461568E-06
181.556866541613 -1.38332807647516E-06
182.556866539088 -1.35984091432939E-06
183.556866536563 -1.33230116944876E-06
184.556866534039 -1.30585474997574E-06
185.556866531514 -1.2811878275427E-06
186.556866528989 -1.25715438179348E-06
187.556866526464 -1.23444968276883E-06
188.55686652394 -1.21226018111898E-06
189.556866521415 -1.18950164984472E-06
190.55686651889 -1.1656501722632E-06
191.556866516365 -1.14194995572108E-06
192.556866513841 -1.1211528896545E-06
193.556866511316 -1.10000022746021E-06
194.556866508791 -1.07905493315703E-06
195.556866506266 -1.05722481863839E-06
196.556866503742 -1.03642737347147E-06
197.556866501217 -1.01564281771642E-06
198.556866498692 -9.96044087854231E-07
199.556866496167 -9.75856236049107E-07
200.556866493643 -9.59401385384317E-07
201.556866491118 -9.43184609738936E-07
202.556866488593 -9.29157138611219E-07
203.556866486068 -9.18314110418284E-07
204.556866483544 -9.06714777028338E-07
205.556866481019 -8.97657311480978E-07
206.556866478494 -8.9719822095788E-07
207.556866475969 -8.99065290178571E-07
208.556866473445 -9.00493361194681E-07
209.55686647092 -8.99892108040566E-07
210.556866468395 -8.98637285884123E-07
211.55686646587 -8.96646629949534E-07
212.556866463346 -8.94368615950116E-07
213.556866460821 -8.93931134146933E-07
214.556866458296 -8.96054475203804E-07
215.556866455771 -8.97484820822011E-07
216.556866453246 -8.98966724087733E-07
217.556866450722 -8.99252565751164E-07
218.556866448197 -8.99408375994759E-07
219.556866445672 -8.98347274116848E-07
220.556866443147 -8.98690359933036E-07
221.556866440623 -8.97602721030668E-07
222.556866438098 -9.00351198563664E-07
223.556866435573 -8.99550159525427E-07
224.556866433048 -9.01833860030085E-07
225.556866430524 -9.03304011184977E-07
226.556866427999 -9.03552701014169E-07
227.556866425474 -9.05591881793478E-07
228.556866422949 -9.10336701766304E-07
229.556866420425 -9.12298166973991E-07
230.5568664179 -9.0977752875097E-07
231.556866415375 -9.02688352217585E-07
232.55686641285 -8.93940611655668E-07
233.556866410326 -8.85935149577834E-07
234.556866407801 -8.80516668284161E-07
235.556866405276 -8.77522154624418E-07
236.556866402751 -8.74709988232725E-07
237.556866400227 -8.7174656080163E-07
238.556866397702 -8.70125527707686E-07
239.556866395177 -8.69443905279503E-07
240.556866392652 -8.69098923961568E-07
241.556866390128 -8.71329929517663E-07
242.556866387603 -8.76914077664014E-07
243.556866385078 -8.81751777222438E-07
244.556866382553 -8.88241975203804E-07
245.556866380029 -8.95071847098214E-07
246.556866377504 -9.03827548767469E-07
247.556866374979 -9.12379294448758E-07
248.556866372454 -9.20981081376165E-07
249.556866369929 -9.29579077300077E-07
250.556866367405 -9.42363478382182E-07
251.55686636488 -9.59762288916925E-07
252.556866362355 -9.80679529794254E-07
253.55686635983 -9.98089713339479E-07
254.556866357306 -1.00855970678863E-06
255.556866354781 -1.01243790336277E-06
256.556866352256 -1.01419920358599E-06
257.556866349731 -1.00984978527756E-06
258.556866347207 -1.00166273413238E-06
259.556866344682 -9.90748814174107E-07
260.556866342157 -9.76595481730396E-07
261.556866339632 -9.58787621918672E-07
262.556866337108 -9.37840432113742E-07
263.556866334583 -9.17308736291731E-07
264.556866332058 -8.96870678256017E-07
265.556866329533 -8.73469192789208E-07
266.556866327009 -8.50478273000776E-07
267.556866324484 -8.31200641134511E-07
268.556866321959 -8.1522800611413E-07
269.556866319434 -8.03036138878105E-07
270.55686631691 -7.94108704750582E-07
271.556866314385 -7.90151655303765E-07
272.55686631186 -7.96137270720109E-07
273.556866309335 -8.09387965231949E-07
274.556866306811 -8.20785996336374E-07
275.556866304286 -8.25198345302795E-07
276.556866301761 -8.25742354304154E-07
277.556866299236 -8.27451717779503E-07
278.556866296712 -8.32609378032803E-07
279.556866294187 -8.34231169327445E-07
280.556866291662 -8.37319699873836E-07
281.556866289137 -8.42825753348214E-07
282.556866286612 -8.46359347704775E-07
283.556866284088 -8.47867029794255E-07
284.556866281563 -8.48947465789984E-07
285.556866279038 -8.47657387301048E-07
286.556866276513 -8.44711019385675E-07
287.556866273989 -8.37565356900233E-07
288.556866271464 -8.27130998883928E-07
289.556866268939 -8.19754843386063E-07
290.556866266414 -8.16563955745342E-07
291.55686626389 -8.15798931240295E-07
292.556866261365 -8.1752307962927E-07
293.55686625884 -8.19457249611801E-07
294.556866256315 -8.24357121627523E-07
295.556866253791 -8.28498034743789E-07
296.556866251266 -8.32505125436723E-07
297.556866248741 -8.33650008491848E-07
298.556866246216 -8.31401185219332E-07
299.556866243692 -8.36187327130241E-07
300.556866241167 -8.40926081497477E-07
301.556866238642 -8.48544482118595E-07
302.556866236117 -8.53518657802795E-07
303.556866233593 -8.5710418890722E-07
304.556866231068 -8.54519103624806E-07
305.556866228543 -8.48056959069293E-07
306.556866226018 -8.37120672190411E-07
307.556866223494 -8.19887149407997E-07
308.556866220969 -8.03151764484666E-07
309.556866218444 -7.87333802406832E-07
310.556866215919 -7.73826456958463E-07
311.556866213395 -7.63492181434394E-07
312.55686621087 -7.57672611971079E-07
313.556866208345 -7.48381620608501E-07
314.55686620582 -7.36629509777756E-07
315.556866203296 -7.23048618861607E-07
316.556866200771 -7.11330247961956E-07
317.556866198246 -6.98176224039208E-07
318.556866195721 -6.88259337999806E-07
319.556866193196 -6.77828770986995E-07
320.556866190672 -6.71658533700505E-07
321.556866188147 -6.7607391546972E-07
322.556866185622 -6.78150627183618E-07
323.556866183097 -6.85184455065994E-07
324.556866180573 -6.87050386985637E-07
325.556866178048 -6.89781425902562E-07
326.556866175523 -6.9573368048816E-07
327.556866172998 -7.04071992672748E-07
328.556866170474 -7.17104704483696E-07
329.556866167949 -7.2825897406347E-07
330.556866165424 -7.44044333511258E-07
331.556866162899 -7.57362507885287E-07
332.556866160375 -7.61930287994953E-07
333.55686615785 -7.62973193056095E-07
334.556866155325 -7.61543984738936E-07
335.5568661528 -7.56036793963509E-07
336.556866150276 -7.47799701572205E-07
337.556866147751 -7.3934955478455E-07
338.556866145226 -7.32352499636063E-07
339.556866142701 -7.22939058860636E-07
340.556866140177 -7.161865234375E-07
341.556866137652 -7.07213218167702E-07
342.556866135127 -7.00271132569876E-07
343.556866132602 -6.9617267869274E-07
344.556866130078 -6.90010402513587E-07
345.556866127553 -6.88886749078028E-07
346.556866125028 -6.86801318056095E-07
347.556866122503 -6.89296556555706E-07
348.556866119979 -6.95591896957492E-07
349.556866117454 -7.00799977557259E-07
350.556866114929 -7.08963524480784E-07
351.556866112404 -7.11531171147127E-07
352.556866109879 -7.17866317085598E-07
353.556866107355 -7.16809764411879E-07
354.55686610483 -7.13225370608501E-07
355.556866102305 -7.11905343191964E-07
356.55686609978 -7.0988777113257E-07
357.556866097256 -7.10826044497283E-07
358.556866094731 -7.11642626649844E-07
359.556866092206 -7.15677391668284E-07
360.556866089681 -7.19179141595497E-07
361.556866087157 -7.22337805706522E-07
362.556866084632 -7.26463175708463E-07
363.556866082107 -7.30548740173719E-07
364.556866079582 -7.34199855638587E-07
365.556866077058 -7.39773388975155E-07
366.556866074533 -7.4241950941382E-07
367.556866072008 -7.44774859884511E-07
368.556866069483 -7.47204134923331E-07
369.556866066959 -7.46334857822205E-07
370.556866064434 -7.44004148874223E-07
371.556866061909 -7.39760878663626E-07
372.556866059384 -7.36591978843167E-07
373.55686605686 -7.30230295880241E-07
374.556866054335 -7.25466899990295E-07
375.55686605181 -7.1842624830163E-07
376.556866049285 -7.10104616532414E-07
377.556866046761 -7.02418356948758E-07
378.556866044236 -6.95035756744953E-07
379.556866041711 -6.88776809976708E-07
380.556866039186 -6.83901200383346E-07
381.556866036662 -6.78438743449146E-07
382.556866034137 -6.71903053425854E-07
383.556866031612 -6.70250555002911E-07
384.556866029087 -6.66968304177989E-07
385.556866026562 -6.6622299289111E-07
386.556866024038 -6.61713973335598E-07
387.556866021513 -6.60273012907609E-07
388.556866018988 -6.55943307817352E-07
389.556866016463 -6.52856672772709E-07
390.556866013939 -6.52692901421778E-07
391.556866011414 -6.49340137931871E-07
392.556866008889 -6.50947523413237E-07
393.556866006364 -6.50984296147127E-07
394.55686600384 -6.52178462247671E-07
395.556866001315 -6.52598505434783E-07
396.55686599879 -6.53611461568323E-07
397.556865996265 -6.55183590717197E-07
398.556865993741 -6.53318037897904E-07
399.556865991216 -6.53815796656638E-07
400.556865988691 -6.50508904309006E-07
401.556865986166 -6.48170234253688E-07
402.556865983642 -6.4481178425854E-07
403.556865981117 -6.39655261306289E-07
404.556865978592 -6.37986082467973E-07
405.556865976067 -6.36927255192158E-07
406.556865973543 -6.34138213921778E-07
407.556865971018 -6.32128223869371E-07
408.556865968493 -6.26216912121506E-07
409.556865965968 -6.24764578683036E-07
410.556865963444 -6.21158955260093E-07
411.556865960919 -6.18839998422942E-07
412.556865958394 -6.17696252668866E-07
413.556865955869 -6.14833665930706E-07
414.556865953345 -6.14162658312306E-07
415.55686595082 -6.10936135238742E-07
416.556865948295 -6.07319517905667E-07
417.55686594577 -6.0116596103455E-07
418.556865943246 -5.94129479449728E-07
419.556865940721 -5.89231123835404E-07
420.556865938196 -5.84682677843556E-07
421.556865935671 -5.77620796535326E-07
422.556865933146 -5.71751944026591E-07
423.556865930622 -5.68133810292119E-07
424.556865928097 -5.63446613572399E-07
425.556865925572 -5.628662109375E-07
426.556865923047 -5.65067646666343E-07
427.556865920523 -5.68077703440411E-07
428.556865917998 -5.703125E-07
429.556865915473 -5.73576933108501E-07
430.556865912948 -5.75626728697593E-07
431.556865910424 -5.79623583681095E-07
432.556865907899 -5.80779081546001E-07
433.556865905374 -5.8365455769604E-07
434.556865902849 -5.87929672335986E-07
435.556865900325 -5.88132111922554E-07
436.5568658978 -5.90372215887034E-07
437.556865895275 -5.8900783372962E-07
438.55686589275 -5.87217342779503E-07
439.556865890226 -5.82278802528144E-07
440.556865887701 -5.78406292459239E-07
441.556865885176 -5.7309547566479E-07
442.556865882651 -5.67468868279309E-07
443.556865880127 -5.58664262664984E-07
444.556865877602 -5.5206298828125E-07
445.556865875077 -5.43815963460792E-07
446.556865872552 -5.35904783639848E-07
447.556865870028 -5.28769698054154E-07
448.556865867503 -5.19846244480299E-07
449.556865864978 -5.11072687184588E-07
450.556865862453 -5.01034906043769E-07
451.556865859929 -4.94446900172263E-07
452.556865857404 -4.86603920504173E-07
453.556865854879 -4.80585285447399E-07
454.556865852354 -4.75770786830357E-07
455.556865849829 -4.74439992963897E-07
456.556865847305 -4.74418611704192E-07
457.55686584478 -4.74269094526397E-07
458.556865842255 -4.7681255459045E-07
459.55686583973 -4.78785847729037E-07
460.556865837206 -4.82723146047651E-07
461.556865834681 -4.86767616035035E-07
462.556865832156 -4.9264499830163E-07
463.556865829631 -4.97822561323272E-07
464.556865827107 -5.04052734375E-07
465.556865824582 -5.08951696549883E-07
466.556865822057 -5.1475822496118E-07
467.556865819532 -5.21476565532803E-07
468.556865817008 -5.27933743873738E-07
469.556865814483 -5.35117013113839E-07
470.556865811958 -5.40317094696234E-07
471.556865809433 -5.4398163031347E-07
472.556865806909 -5.47270742854716E-07
473.556865804384 -5.50505757776106E-07
474.556865801859 -5.51375565617721E-07
475.556865799334 -5.52672733283191E-07
476.55686579681 -5.52882413686432E-07
477.556865794285 -5.53081138089577E-07
478.55686579176 -5.51835982992042E-07
479.556865789235 -5.51161601380532E-07
480.556865786711 -5.48892685789499E-07
481.556865784186 -5.46513489906832E-07
482.556865781661 -5.44076102120536E-07
483.556865779136 -5.42539911684782E-07
484.556865776612 -5.3997518409113E-07
485.556865774087 -5.38760432841615E-07
486.556865771562 -5.37296309382279E-07
487.556865769037 -5.3693256259705E-07
488.556865766512 -5.37323149687015E-07
489.556865763988 -5.38545786223797E-07
490.556865761463 -5.40122047566479E-07
491.556865758938 -5.4198942006745E-07
492.556865756413 -5.41536850070361E-07
493.556865753889 -5.41337329556483E-07
494.556865751364 -5.41951927042896E-07
495.556865748839 -5.42934251868207E-07
496.556865746314 -5.43813613038626E-07
497.55686574379 -5.45706991823564E-07
498.556865741265 -5.48169551873059E-07
499.55686573874 -5.50999535981172E-07
500.556865736215 -5.54575779127038E-07
501.556865733691 -5.59094769021739E-07
502.556865731166 -5.61720114761258E-07
503.556865728641 -5.63586766971564E-07
504.556865726116 -5.63411660520186E-07
505.556865723592 -5.63695644591906E-07
506.556865721067 -5.61229066078707E-07
507.556865718542 -5.59353163819876E-07
508.556865716017 -5.56363768014848E-07
509.556865713493 -5.52835443153144E-07
510.556865710968 -5.49357766098117E-07
511.556865708443 -5.45860375824922E-07
512.556865705918 -5.43289165615295E-07
513.556865703394 -5.40475937742624E-07
514.556865700869 -5.39347090632278E-07
515.556865698344 -5.38437780534258E-07
516.556865695819 -5.3810697756939E-07
517.556865693295 -5.39598168793672E-07
518.55686569077 -5.41654864009123E-07
519.556865688245 -5.45393286284453E-07
520.55686568572 -5.50940168866459E-07
521.556865683196 -5.56624816515431E-07
522.556865680671 -5.62995597886743E-07
523.556865678146 -5.67554544958269E-07
524.556865675621 -5.70187321064635E-07
525.556865673096 -5.7105705308618E-07
526.556865670572 -5.71219270125679E-07
527.556865668047 -5.72358580405668E-07
528.556865665522 -5.70266136027271E-07
529.556865662997 -5.67881443189538E-07
530.556865660473 -5.6415056501116E-07
531.556865657948 -5.59711792750388E-07
532.556865655423 -5.55163763768925E-07
533.556865652898 -5.49053803437985E-07
534.556865650374 -5.42861047590741E-07
535.556865647849 -5.3482666015625E-07
536.556865645324 -5.27849773146351E-07
537.556865642799 -5.19819442085598E-07
538.556865640275 -5.12779131587248E-07
539.55686563775 -5.07026094235248E-07
540.556865635225 -5.00703382788238E-07
541.5568656327 -4.97068416998253E-07
542.556865630176 -4.95557550465838E-07
543.556865627651 -4.94293971091324E-07
544.556865625126 -4.92834965486704E-07
545.556865622601 -4.89952210609957E-07
546.556865620077 -4.87225038516595E-07
547.556865617552 -4.84480276167022E-07
548.556865615027 -4.83436461265043E-07
549.556865612502 -4.81248028678183E-07
550.556865609978 -4.77292609362869E-07
551.556865607453 -4.73319827251553E-07
552.556865604928 -4.68724600276592E-07
553.556865602403 -4.65273232785811E-07
554.556865599879 -4.60738623956716E-07
555.556865597354 -4.54091137240392E-07
556.556865594829 -4.48348449327931E-07
557.556865592304 -4.42396422202543E-07
558.556865589779 -4.3894964182599E-07
559.556865587255 -4.36844838776203E-07
560.55686558473 -4.3614786278387E-07
561.556865582205 -4.36937263441382E-07
562.55686557968 -4.38845123859666E-07
563.556865577156 -4.44445383770866E-07
564.556865574631 -4.50541014108599E-07
565.556865572106 -4.55352859023195E-07
566.556865569581 -4.60243518900427E-07
567.556865567057 -4.65458309576378E-07
568.556865564532 -4.70461486437306E-07
569.556865562007 -4.75010614809782E-07
570.556865559482 -4.77912362614033E-07
571.556865556958 -4.77603850749709E-07
572.556865554433 -4.77433520962733E-07
573.556865551908 -4.7584550750922E-07
574.556865549383 -4.71391419594332E-07
575.556865546859 -4.66084924543866E-07
576.556865544334 -4.56734603976611E-07
577.556865541809 -4.46230415675951E-07
578.556865539284 -4.36433249526883E-07
579.55686553676 -4.25929137046293E-07
580.556865534235 -4.16304689016401E-07
581.55686553171 -4.05472010263005E-07
582.556865529185 -3.9588930118158E-07
583.556865526661 -3.8615400420953E-07
584.556865524136 -3.7870456861413E-07
585.556865521611 -3.73125841602776E-07
586.556865519086 -3.68980796292702E-07
587.556865516562 -3.66241606718265E-07
588.556865514037 -3.64740634704969E-07
589.556865511512 -3.63548705296487E-07
590.556865508987 -3.6208788001019E-07
591.556865506462 -3.60309785641498E-07
592.556865503938 -3.59524365537655E-07
593.556865501413 -3.60148061432453E-07
594.556865498888 -3.60730245838995E-07
595.556865496363 -3.60555139387616E-07
596.556865493839 -3.58609899674883E-07
597.556865491314 -3.57474759498738E-07
598.556865488789 -3.56078191721661E-07
599.556865486264 -3.55308466372283E-07
600.55686548374 -3.55097421207783E-07
601.556865481215 -3.54118470375582E-07
602.55686547869 -3.54174008576766E-07
603.556865476165 -3.53969142747962E-07
604.556865473641 -3.57044518512228E-07
605.556865471116 -3.57698694075116E-07
606.556865468591 -3.61064915627426E-07
607.556865466066 -3.64718912254949E-07
608.556865463542 -3.69162916100543E-07
609.556865461017 -3.72998767165664E-07
610.556865458492 -3.76679490367818E-07
611.556865455967 -3.80538883564635E-07
612.556865453443 -3.85110530497865E-07
613.556865450918 -3.89443420031056E-07
614.556865448393 -3.95198731985151E-07
615.556865445868 -3.99559978224476E-07
616.556865443344 -4.02641874514751E-07
617.556865440819 -4.06334615197981E-07
618.556865438294 -4.08937518196817E-07
619.556865435769 -4.11752906941479E-07
620.556865433245 -4.14883934637034E-07
621.55686543072 -4.17722410592974E-07
622.556865428195 -4.21478119844235E-07
623.55686542567 -4.25289139836471E-07
624.556865423146 -4.28451860321234E-07
625.556865420621 -4.31618675089771E-07
626.556865418096 -4.34780030813276E-07
627.556865415571 -4.36372403920807E-07
628.556865413046 -4.38478003081328E-07
629.556865410522 -4.40507175611413E-07
630.556865407997 -4.42313133855784E-07
631.556865405472 -4.43922945579387E-07
632.556865402947 -4.45319968276883E-07
633.556865400423 -4.47681611813373E-07
634.556865397898 -4.51165278653921E-07
635.556865395373 -4.55570576353843E-07
636.556865392848 -4.57544930973408E-07
637.556865390324 -4.58145691297069E-07
638.556865387799 -4.573517793454E-07
639.556865385274 -4.56444023558812E-07
640.556865382749 -4.54413107167119E-07
641.556865380225 -4.53096681203901E-07
642.5568653777 -4.52805039305124E-07
643.556865375175 -4.54270906626068E-07
644.55686537265 -4.56084371057356E-07
645.556865370126 -4.55122062730493E-07
646.556865367601 -4.52323657681483E-07
647.556865365076 -4.49529043635967E-07
648.556865362551 -4.45620064113451E-07
649.556865360027 -4.40373542738257E-07
650.556865357502 -4.32201200686627E-07
651.556865354977 -4.24499777088994E-07
652.556865352452 -4.16805253117721E-07
653.556865349928 -4.08969627996409E-07
654.556865347403 -4.00468795492042E-07
655.556865344878 -3.93197726611025E-07
656.556865342353 -3.84677976999224E-07
657.556865339829 -3.75880877571817E-07
658.556865337304 -3.63317605723505E-07
659.556865334779 -3.52644907317547E-07
660.556865332254 -3.43226576147612E-07
661.556865329729 -3.3499740695361E-07
662.556865327205 -3.28479762106949E-07
663.55686532468 -3.24622833062403E-07
664.556865322155 -3.24086254427892E-07
665.55686531963 -3.25699667604814E-07
666.556865317106 -3.26269720800175E-07
667.556865314581 -3.27314369722923E-07
668.556865312056 -3.29215292604814E-07
669.556865309531 -3.31925177722244E-07
670.556865307007 -3.3481407402465E-07
671.556865304482 -3.37885165954969E-07
672.556865301957 -3.4200132381842E-07
673.556865299432 -3.46847401494565E-07
674.556865296908 -3.52216789292993E-07
675.556865294383 -3.5732399128979E-07
676.556865291858 -3.61637395065023E-07
677.556865289333 -3.65914632666925E-07
678.556865286809 -3.69887642238451E-07
679.556865284284 -3.75061490076669E-07
680.556865281759 -3.80287312572787E-07
681.556865279234 -3.86495156613936E-07
682.55686527671 -3.93906454714189E-07
683.556865274185 -4.00247628348214E-07
684.55686527166 -4.0783369170953E-07
685.556865269135 -4.16086554675369E-07
686.556865266611 -4.26209898765043E-07
687.556865264086 -4.36374602702834E-07
688.556865261561 -4.4645404697205E-07
689.556865259036 -4.56392920831716E-07
690.556865256512 -4.67843798524844E-07
691.556865253987 -4.78551184612772E-07
692.556865251462 -4.90586597134608E-07
693.556865248937 -5.02426545516304E-07
694.556865246412 -5.10526706861413E-07
695.556865243888 -5.17026988912073E-07
696.556865241363 -5.2307159234278E-07
697.556865238838 -5.25471562924592E-07
698.556865236313 -5.27233318068226E-07
699.556865233789 -5.28227584554542E-07
700.556865231264 -5.28734365901592E-07
701.556865228739 -5.27485533530668E-07
702.556865226214 -5.23063024674883E-07
703.55686522369 -5.16571954762713E-07
704.556865221165 -5.11712229473991E-07
705.55686521864 -5.06133312912461E-07
706.556865216115 -4.99473884535132E-07
707.556865213591 -4.90953793733016E-07
708.556865211066 -4.82813296110733E-07
709.556865208541 -4.71197054845206E-07
710.556865206016 -4.58924818335113E-07
711.556865203492 -4.45602018936821E-07
712.556865200967 -4.34788522661102E-07
713.556865198442 -4.23723758673816E-07
714.556865195917 -4.14951338679154E-07
715.556865193393 -4.061704647467E-07
716.556865190868 -3.97910474694293E-07
717.556865188343 -3.91986235624515E-07
718.556865185818 -3.88359761682356E-07
719.556865183294 -3.84934779575893E-07
720.556865180769 -3.84941906662461E-07
721.556865178244 -3.86710182332104E-07
722.556865175719 -3.89873054457007E-07
723.556865173195 -3.92003901700796E-07
724.55686517067 -3.95027606087442E-07
725.556865168145 -4.00772947702349E-07
726.55686516562 -4.08211654757861E-07
727.556865163095 -4.15856213303086E-07
728.556865160571 -4.21075136172845E-07
729.556865158046 -4.23350079459433E-07
730.556865155521 -4.26865894009608E-07
731.556865152996 -4.27228276033579E-07
732.556865150472 -4.278627383783E-07
733.556865147947 -4.27860122585889E-07
734.556865145422 -4.30024027380144E-07
735.556865142897 -4.3167125630823E-07
736.556865140373 -4.33296838606366E-07
737.556865137848 -4.3633388732531E-07
738.556865135323 -4.3948352884802E-07
739.556865132798 -4.41440823951863E-07
740.556865130274 -4.45570439877717E-07
741.556865127749 -4.48919677734375E-07
742.556865125224 -4.53438098978552E-07
743.556865122699 -4.5984807932599E-07
744.556865120175 -4.67836443978067E-07
745.55686511765 -4.78086407584433E-07
746.556865115125 -4.90299883540372E-07
747.5568651126 -5.01688929966518E-07
748.556865110076 -5.10413924507473E-07
749.556865107551 -5.16866250363936E-07
750.556865105026 -5.18694840899165E-07
751.556865102501 -5.16556942388878E-07
752.556865099977 -5.11962018694196E-07
753.556865097452 -5.02632434916052E-07
754.556865094927 -4.88988120511452E-07
755.556865092402 -4.72166149068323E-07
756.556865089878 -4.51515491556677E-07
757.556865087353 -4.29050194402659E-07
758.556865084828 -4.07555962793575E-07
759.556865082303 -3.85170200892857E-07
760.556865079779 -3.61187099670031E-07
761.556865077254 -3.386136072763E-07
762.556865074729 -3.19732059455066E-07
763.556865072204 -3.03860795868109E-07
764.556865069679 -2.92824123216712E-07
765.556865067155 -2.87553870159647E-07
766.55686506463 -2.87730910022807E-07
767.556865062105 -2.91822691733793E-07
768.55686505958 -2.9732688761646E-07
769.556865057056 -3.04135378251165E-07
770.556865054531 -3.10929121882279E-07
771.556865052006 -3.18769789038237E-07
772.556865049481 -3.27021211422748E-07
773.556865046957 -3.34697273207007E-07
774.556865044432 -3.43068529211956E-07
775.556865041907 -3.51966279782123E-07
776.556865039382 -3.58549622719332E-07
777.556865036858 -3.64560637859084E-07
778.556865034333 -3.70484497828513E-07
779.556865031808 -3.77842001589189E-07
780.556865029283 -3.83737959772904E-07
781.556865026759 -3.88728626322302E-07
782.556865024234 -3.9276422536151E-07
783.556865021709 -3.97195567255435E-07
784.556865019184 -4.02171486801242E-07
785.55686501666 -4.07524004634123E-07
786.556865014135 -4.13222527355881E-07
787.55686501161 -4.18703484387131E-07
788.556865009085 -4.23607071586277E-07
789.556865006561 -4.28345143572884E-07
790.556865004036 -4.32608164911685E-07
791.556865001511 -4.36636257763975E-07
792.556864998986 -4.40373846018536E-07
793.556864996462 -4.45120637313179E-07
794.556864993937 -4.50876404187694E-07
795.556864991412 -4.57191761087927E-07
796.556864988887 -4.6470033633783E-07
797.556864986362 -4.71217336713898E-07
798.556864983838 -4.7664503014606E-07
799.556864981313 -4.82940180997671E-07
800.556864978788 -4.89005786587733E-07
801.556864976263 -4.94702754998059E-07
802.556864973739 -4.99653464370633E-07
803.556864971214 -5.05023913650039E-07
804.556864968689 -5.08818783967391E-07
805.556864966164 -5.11991550611413E-07
