Title: 25 uL Nanoaldolaz
Label: 05.01.2021 14:05:37
6.50910298356609 -4.4436209542411E-07
7.50910298104134 -4.38878029769995E-07
8.50910297851658 -4.31501116071431E-07
9.50910297599182 -4.2244971612966E-07
10.5091029734671 -4.11423961568324E-07
11.5091029709423 -3.99776861534356E-07
12.5091029684176 -3.87492114712733E-07
13.5091029658928 -3.75241107822205E-07
14.509102963368 -3.63097007230202E-07
15.5091029608433 -3.51392283943129E-07
16.5091029583185 -3.40494627389848E-07
17.5091029557938 -3.30878254197399E-07
18.509102953269 -3.22742760699728E-07
19.5091029507443 -3.13366661308715E-07
20.5091029482195 -3.02622729947108E-07
21.5091029456947 -2.90249993934394E-07
22.50910294317 -2.76528115598311E-07
23.5091029406452 -2.69916567595109E-07
24.5091029381205 -2.64161255641013E-07
25.5091029355957 -2.60522574667605E-07
26.5091029330709 -2.58823939732143E-07
27.5091029305462 -2.58955146363063E-07
28.5091029280214 -2.55197731160229E-07
29.5091029254967 -2.51659322229231E-07
30.5091029229719 -2.48161818225932E-07
31.5091029204472 -2.44590238014363E-07
32.5091029179224 -2.41322582552892E-07
33.5091029153976 -2.39102874187209E-07
34.5091029128729 -2.37011112189441E-07
35.5091029103481 -2.35510215996215E-07
36.5091029078234 -2.34140791804154E-07
37.5091029052986 -2.32831455017469E-07
38.5091029027739 -2.31468513441382E-07
39.5091029002491 -2.30196783409356E-07
40.5091028977243 -2.28874595120827E-07
41.5091028951996 -2.27608248313762E-07
42.5091028926748 -2.26480803874709E-07
43.5091028901501 -2.24961862504852E-07
44.5091028876253 -2.23691610964189E-07
45.5091028851006 -2.21689127098699E-07
46.5091028825758 -2.19837866362578E-07
47.509102880051 -2.17995704034841E-07
48.5091028775263 -2.16078479837927E-07
49.5091028750015 -2.13790457589286E-07
50.5091028724768 -2.11388022855202E-07
51.509102869952 -2.08848846625097E-07
52.5091028674273 -2.06159508746603E-07
53.5091028649025 -2.036589628421E-07
54.5091028623777 -2.01569058436044E-07
55.509102859853 -1.99704605007764E-07
56.5091028573282 -1.97907631441673E-07
57.5091028548035 -1.96250849184782E-07
58.5091028522787 -1.94290066357725E-07
59.509102849754 -1.91964399444391E-07
60.5091028472292 -1.8970003305755E-07
61.5091028447044 -1.87709869953416E-07
62.5091028421797 -1.85744992842585E-07
63.5091028396549 -1.83780646472244E-07
64.5091028371302 -1.8192153835889E-07
65.5091028346054 -1.8002607452203E-07
66.5091028320807 -1.782439237796E-07
67.5091028295559 -1.76561514339092E-07
68.5091028270311 -1.74864282074922E-07
69.5091028245064 -1.73195709797166E-07
70.5091028219816 -1.71497757242333E-07
71.5091028194569 -1.70059412606755E-07
72.5091028169321 -1.68369383249224E-07
73.5091028144074 -1.66575480395963E-07
74.5091028118826 -1.65434388344332E-07
75.5091028093578 -1.64740824255144E-07
76.5091028068331 -1.64071598408385E-07
77.5091028043083 -1.63265289875291E-07
78.5091028017836 -1.62103574764654E-07
79.5091027992588 -1.60784381368886E-07
80.5091027967341 -1.59401916124806E-07
81.5091027942093 -1.58232353636937E-07
82.5091027916845 -1.57288204216809E-07
83.5091027891598 -1.56736916488742E-07
84.509102786635 -1.56275475543478E-07
85.5091027841103 -1.5598444020526E-07
86.5091027815855 -1.5601476823321E-07
87.5091027790608 -1.56109315860345E-07
88.509102776536 -1.56211597134608E-07
89.5091027740112 -1.56422187378688E-07
90.5091027714865 -1.5645152974573E-07
91.5091027689617 -1.56613633055124E-07
92.509102766437 -1.56744991326184E-07
93.5091027639122 -1.57114121336374E-07
94.5091027613875 -1.56861905873932E-07
95.5091027588627 -1.57022492781929E-07
96.5091027563379 -1.5706779527368E-07
97.5091027538132 -1.5682395792896E-07
98.5091027512884 -1.55706938749515E-07
99.5091027487637 -1.54796605080551E-07
100.509102746239 -1.53799571161685E-07
101.509102743714 -1.52761670225155E-07
102.509102741189 -1.51931440460016E-07
103.509102738665 -1.51251751443614E-07
104.50910273614 -1.50730223092974E-07
105.509102733615 -1.50269123338024E-07
106.50910273109 -1.49776520344041E-07
107.509102728566 -1.49481694002329E-07
108.509102726041 -1.49256811675078E-07
109.509102723516 -1.49029161915276E-07
110.509102720991 -1.48854889484666E-07
111.509102718467 -1.48613478382182E-07
112.509102715942 -1.48521015806968E-07
113.509102713417 -1.48401902477193E-07
114.509102710892 -1.48432912885772E-07
115.509102708368 -1.48485949024651E-07
116.509102705843 -1.48283016607628E-07
117.509102703318 -1.48259777756211E-07
118.509102700793 -1.47910398874224E-07
119.509102698269 -1.4778408263781E-07
120.509102695744 -1.47762473917896E-07
121.509102693219 -1.48171144094526E-07
122.509102690694 -1.48195482336956E-07
123.509102688169 -1.48096082225349E-07
124.509102685645 -1.48227971236898E-07
125.50910268312 -1.48432571695458E-07
126.509102680595 -1.48478670297943E-07
127.50910267807 -1.48351292580551E-07
128.509102675546 -1.48332602933327E-07
129.509102673021 -1.48382492539305E-07
130.509102670496 -1.48334081424689E-07
131.509102667971 -1.48334725895283E-07
132.509102665447 -1.4827243970788E-07
133.509102662922 -1.48209584869953E-07
134.509102660397 -1.48182213824728E-07
135.509102657872 -1.48112914280862E-07
136.509102655348 -1.48230435389169E-07
137.509102652823 -1.4801332461908E-07
138.509102650298 -1.477231991217E-07
139.509102647773 -1.47684758346273E-07
140.509102645249 -1.47733586471273E-07
141.509102642724 -1.47883293199243E-07
142.509102640199 -1.48036411830357E-07
143.509102637674 -1.48061015443032E-07
144.50910263515 -1.47987204605008E-07
145.509102632625 -1.47886970472632E-07
146.5091026301 -1.48258981645477E-07
147.509102627575 -1.48453687584918E-07
148.509102625051 -1.48421274505047E-07
149.509102622526 -1.48451223432648E-07
150.509102620001 -1.47858689586568E-07
151.509102617476 -1.47610757958074E-07
152.509102614952 -1.46904873107531E-07
153.509102612427 -1.46275111607143E-07
154.509102609902 -1.45576429663238E-07
155.509102607377 -1.45357612941576E-07
156.509102604853 -1.44703854389072E-07
157.509102602328 -1.44449515964674E-07
158.509102599803 -1.4395729207104E-07
159.509102597278 -1.43645444123641E-07
160.509102594753 -1.43432958377814E-07
161.509102592229 -1.43288028314247E-07
162.509102589704 -1.43146737614033E-07
163.509102587179 -1.42907297833366E-07
164.509102584654 -1.42805585209627E-07
165.50910258213 -1.42821090413917E-07
166.509102579605 -1.42899867466518E-07
167.50910257708 -1.43150869807842E-07
168.509102574555 -1.43461921644507E-07
169.509102572031 -1.43420372246215E-07
170.509102569506 -1.43294548840256E-07
171.509102566981 -1.4310302734375E-07
172.509102564456 -1.42582105553668E-07
173.509102561932 -1.42224462284064E-07
174.509102559407 -1.41580181240295E-07
175.509102556882 -1.41080299519604E-07
176.509102554357 -1.40515819099379E-07
177.509102551833 -1.40154422736316E-07
178.509102549308 -1.39298717427698E-07
179.509102546783 -1.38803536551339E-07
180.509102544258 -1.37814501649845E-07
181.509102541734 -1.3701478946283E-07
182.509102539209 -1.35863082601417E-07
183.509102536684 -1.34639725773971E-07
184.509102534159 -1.33414170164499E-07
185.509102531635 -1.31986326608599E-07
186.50910252911 -1.3086267317304E-07
187.509102526585 -1.30211113402562E-07
188.50910252406 -1.29438317340353E-07
189.509102521536 -1.28505503020672E-07
190.509102519011 -1.27752192716421E-07
191.509102516486 -1.27268233210404E-07
192.509102513961 -1.26764674216324E-07
193.509102511436 -1.26415750254755E-07
194.509102508912 -1.2589994631939E-07
195.509102506387 -1.25183484569099E-07
196.509102503862 -1.24680418405474E-07
197.509102501337 -1.24013391340741E-07
198.509102498813 -1.2329715705066E-07
199.509102496288 -1.22489218386064E-07
200.509102493763 -1.21519745062597E-07
201.509102491238 -1.2044040845788E-07
202.509102488714 -1.19187368073078E-07
203.509102486189 -1.18068453391887E-07
204.509102483664 -1.1698312700165E-07
205.509102481139 -1.16057629318711E-07
206.509102478615 -1.15382186226223E-07
207.50910247609 -1.14869718373932E-07
208.509102473565 -1.14772668684491E-07
209.50910247104 -1.14888218470982E-07
210.509102468516 -1.14701549458948E-07
211.509102465991 -1.14581450468265E-07
212.509102463466 -1.14976548852387E-07
213.509102460941 -1.15256097450019E-07
214.509102458417 -1.15604528581134E-07
215.509102455892 -1.16045194827252E-07
216.509102453367 -1.15940221940509E-07
217.509102450842 -1.16067031007376E-07
218.509102448318 -1.16065514605978E-07
219.509102445793 -1.15947386937112E-07
220.509102443268 -1.15564609314344E-07
221.509102440743 -1.14922602872671E-07
222.509102438219 -1.13906538116266E-07
223.509102435694 -1.12811051836665E-07
224.509102433169 -1.11630760808909E-07
225.509102430644 -1.10510746736704E-07
226.509102428119 -1.09441835391595E-07
227.509102425595 -1.08216962162752E-07
228.50910242307 -1.07141681931774E-07
229.509102420545 -1.06046726392663E-07
230.50910241802 -1.05057122840644E-07
231.509102415496 -1.04103647551922E-07
232.509102412971 -1.03218486146157E-07
233.509102410446 -1.02462635869565E-07
234.509102407921 -1.02073223990683E-07
235.509102405397 -1.0156579817304E-07
236.509102402872 -1.01547980456619E-07
237.509102400347 -1.01470113244856E-07
238.509102397822 -1.01254139775815E-07
239.509102395298 -1.01463478988742E-07
240.509102392773 -1.01496688179348E-07
241.509102390248 -1.01542862601902E-07
242.509102387723 -1.01435349742818E-07
243.509102385199 -1.01229384523001E-07
244.509102382674 -1.00947258042993E-07
245.509102380149 -1.0072313391644E-07
246.509102377624 -1.00528503797069E-07
247.5091023751 -1.0036014533191E-07
248.509102372575 -1.00166993703901E-07
249.50910237005 -9.9594741726514E-08
250.509102367525 -9.90951253760675E-08
251.509102365001 -9.85049040421196E-08
252.509102362476 -9.79481572690217E-08
253.509102359951 -9.75067707322399E-08
254.509102357426 -9.70283840013587E-08
255.509102354902 -9.63491499053766E-08
256.509102352377 -9.58624608768439E-08
257.509102349852 -9.5389381550854E-08
258.509102347327 -9.52247382691188E-08
259.509102344803 -9.48550396084045E-08
260.509102342278 -9.41874059831133E-08
261.509102339753 -9.38318856754658E-08
262.509102337228 -9.32377596079192E-08
263.509102334703 -9.28781450164984E-08
264.509102332179 -9.24632575941382E-08
265.509102329654 -9.22272297166149E-08
266.509102327129 -9.18058975883152E-08
267.509102324604 -9.14670956060753E-08
268.50910232208 -9.1229248046875E-08
269.509102319555 -9.08712635869565E-08
270.50910231703 -9.04914429469138E-08
271.509102314505 -8.99636973505435E-08
272.509102311981 -8.95270874781638E-08
273.509102309456 -8.90000242624223E-08
274.509102306931 -8.86166779891304E-08
275.509102304406 -8.82136184976708E-08
276.509102301882 -8.76802622161297E-08
277.509102299357 -8.71908436650815E-08
278.509102296832 -8.68850613232725E-08
279.509102294307 -8.646846794934E-08
280.509102291783 -8.61799346734278E-08
281.509102289258 -8.57026852435947E-08
282.509102286733 -8.51433226780862E-08
283.509102284208 -8.49746230226126E-08
284.509102281684 -8.46857485563859E-08
285.509102279159 -8.45596218701475E-08
286.509102276634 -8.42583129124612E-08
287.509102274109 -8.4027744079969E-08
288.509102271585 -8.37140764508928E-08
289.50910226906 -8.36190739033385E-08
290.509102266535 -8.37352681604231E-08
291.50910226401 -8.41012516377135E-08
292.509102261486 -8.45374065896739E-08
293.509102258961 -8.5227065945264E-08
294.509102256436 -8.59813240003882E-08
295.509102253911 -8.67858128518051E-08
296.509102251386 -8.77848560025233E-08
297.509102248862 -8.88033090911296E-08
298.509102246337 -8.98152416537267E-08
299.509102243812 -9.08982555318323E-08
300.509102241287 -9.18695485369759E-08
301.509102238763 -9.2712364433715E-08
302.509102236238 -9.3701171875E-08
303.509102233713 -9.42212596443129E-08
304.509102231188 -9.49674049519604E-08
305.509102228664 -9.5493747877038E-08
306.509102226139 -9.57520668551048E-08
307.509102223614 -9.58245129318711E-08
308.509102221089 -9.56089943832492E-08
309.509102218565 -9.54090568589868E-08
310.50910221604 -9.50269237068129E-08
311.509102213515 -9.48190629852484E-08
312.50910221099 -9.46757251431483E-08
313.509102208466 -9.44218037291343E-08
314.509102205941 -9.39210879876747E-08
315.509102203416 -9.36226222826087E-08
316.509102200891 -9.30640558278338E-08
317.509102198367 -9.24553343968362E-08
318.509102195842 -9.17202588193905E-08
319.509102193317 -9.10823087514557E-08
320.509102190792 -9.0324108052698E-08
321.509102188268 -8.96734960330939E-08
322.509102185743 -8.88955821161684E-08
323.509102183218 -8.81775660544449E-08
324.509102180693 -8.75324888999418E-08
325.509102178169 -8.68243673573369E-08
326.509102175644 -8.64760878663626E-08
327.509102173119 -8.58073927600932E-08
328.509102170594 -8.52078455575505E-08
329.509102168069 -8.47252508127911E-08
330.509102165545 -8.40280094502135E-08
331.50910216302 -8.36445115367818E-08
332.509102160495 -8.31099042240877E-08
333.50910215797 -8.27858492454387E-08
334.509102155446 -8.23294882448564E-08
335.509102152921 -8.1789535617236E-08
336.509102150396 -8.12517438616071E-08
337.509102147871 -8.07632730614324E-08
338.509102145347 -8.01679338727678E-08
339.509102142822 -7.95366559709821E-08
340.509102140297 -7.91646447981366E-08
341.509102137772 -7.89628496821623E-08
342.509102135248 -7.88385805876359E-08
343.509102132723 -7.87938088363742E-08
344.509102130198 -7.88301266498447E-08
345.509102127673 -7.90235815581327E-08
346.509102125149 -7.91964134074146E-08
347.509102122624 -7.95565587393246E-08
348.509102120099 -7.98729179808812E-08
349.509102117574 -8.016357421875E-08
350.50910211505 -8.08047466396545E-08
351.509102112525 -8.11247452445652E-08
352.50910211 -8.14610072544643E-08
353.509102107475 -8.18495851125777E-08
354.509102104951 -8.21709484787461E-08
355.509102102426 -8.2578102253979E-08
356.509102099901 -8.27262925805512E-08
357.509102097376 -8.28252756817741E-08
358.509102094852 -8.31473214285714E-08
359.509102092327 -8.34693292653338E-08
360.509102089802 -8.38218167701863E-08
361.509102087277 -8.42005001091809E-08
362.509102084753 -8.48172963776203E-08
363.509102082228 -8.5524280619177E-08
364.509102079703 -8.63499611801242E-08
365.509102077178 -8.73456303377329E-08
366.509102074653 -8.85062460573564E-08
367.509102072129 -8.98984920904503E-08
368.509102069604 -9.1281715535229E-08
369.509102067079 -9.28400075213509E-08
370.509102064554 -9.42422618036685E-08
371.50910206203 -9.58922202542702E-08
372.509102059505 -9.73660865925854E-08
373.50910205698 -9.82718331473214E-08
374.509102054455 -9.92872534331327E-08
375.509102051931 -9.98444930366848E-08
376.509102049406 -1.00408253166246E-07
377.509102046881 -1.00630898801436E-07
378.509102044356 -1.00565086980784E-07
379.509102041832 -1.00297328404018E-07
380.509102039307 -9.98736079435171E-08
381.509102036782 -9.91857303595691E-08
382.509102034257 -9.86162458147321E-08
383.509102031733 -9.80545707370924E-08
384.509102029208 -9.73212011112189E-08
385.509102026683 -9.65892341566382E-08
386.509102024158 -9.58235651809976E-08
387.509102021634 -9.52342915979231E-08
388.509102019109 -9.47399068322981E-08
389.509102016584 -9.4064918660229E-08
390.509102014059 -9.37417356123835E-08
391.509102011535 -9.3473484205163E-08
392.50910200901 -9.30565117308812E-08
393.509102006485 -9.29458144288625E-08
394.50910200396 -9.25810440726902E-08
395.509102001436 -9.21936414256599E-08
396.509101998911 -9.17996424325505E-08
397.509101996386 -9.15302916343167E-08
398.509101993861 -9.14518178619953E-08
399.509101991336 -9.13634495705551E-08
400.509101988812 -9.14940117308812E-08
401.509101986287 -9.16069457249611E-08
402.509101983762 -9.21345396811918E-08
403.509101981237 -9.30867639387616E-08
404.509101978713 -9.4414638732531E-08
405.509101976188 -9.60100067328222E-08
406.509101973663 -9.75078701232531E-08
407.509101971138 -9.91518766983695E-08
408.509101968614 -1.01036043344818E-07
409.509101966089 -1.02896971139849E-07
410.509101963564 -1.05037257982337E-07
411.509101961039 -1.07411070640043E-07
412.509101958515 -1.09968329956813E-07
413.50910195599 -1.12174656080163E-07
414.509101953465 -1.14818350276592E-07
415.50910195094 -1.17681316115101E-07
416.509101948416 -1.20311135238742E-07
417.509101945891 -1.23011201657123E-07
418.509101943366 -1.25729768172554E-07
419.509101940841 -1.28387451171875E-07
420.509101938317 -1.30834998847535E-07
421.509101935792 -1.33256691879367E-07
422.509101933267 -1.35416767760093E-07
423.509101930742 -1.37378460427989E-07
424.509101928218 -1.38897932538335E-07
425.509101925693 -1.40061543150718E-07
426.509101923168 -1.40883963448661E-07
427.509101920643 -1.41042199934491E-07
428.509101918119 -1.40516387749903E-07
429.509101915594 -1.39664890455163E-07
430.509101913069 -1.3838819420856E-07
431.509101910544 -1.36524536891013E-07
432.509101908019 -1.34547528569002E-07
433.509101905495 -1.32218677212733E-07
434.50910190297 -1.29260215996215E-07
435.509101900445 -1.26519282560171E-07
436.50910189792 -1.2397169030231E-07
437.509101895396 -1.20991241265528E-07
438.509101892871 -1.18204512507279E-07
439.509101890346 -1.15648845411976E-07
440.509101887821 -1.13068650524068E-07
441.509101885297 -1.10753067680027E-07
442.509101882772 -1.08555309224573E-07
443.509101880247 -1.06362441163626E-07
444.509101877722 -1.04651144276495E-07
445.509101875198 -1.02999745244565E-07
446.509101872673 -1.01239354862189E-07
447.509101870148 -9.95972816988548E-08
448.509101867623 -9.79414471928377E-08
449.509101865099 -9.62818975033967E-08
450.509101862574 -9.4814475871021E-08
451.509101860049 -9.33664262664984E-08
452.509101857524 -9.20462472098214E-08
453.509101855 -9.06703783118206E-08
454.509101852475 -8.91304347826087E-08
455.50910184995 -8.78742099548719E-08
456.509101847425 -8.64099727654309E-08
457.509101844901 -8.52857506793478E-08
458.509101842376 -8.42113044691381E-08
459.509101839851 -8.31770428959627E-08
460.509101837326 -8.22736088533579E-08
461.509101834802 -8.16011606536297E-08
462.509101832277 -8.10292119565217E-08
463.509101829752 -8.05141283118207E-08
464.509101827227 -8.01289244468168E-08
465.509101824703 -7.98670040154309E-08
466.509101822178 -8.01090595885093E-08
467.509101819653 -7.9946880459045E-08
468.509101817128 -7.97828058278338E-08
469.509101814603 -7.9865715074243E-08
470.509101812079 -8.00976865780279E-08
471.509101809554 -8.04298163941188E-08
472.509101807029 -8.06602714965062E-08
473.509101804504 -8.10193932574728E-08
474.50910180198 -8.15605969162461E-08
475.509101799455 -8.19675611413043E-08
476.50910179693 -8.23434391377135E-08
477.509101794405 -8.30476938567547E-08
478.509101791881 -8.33921444342003E-08
479.509101789356 -8.39375940168866E-08
480.509101786831 -8.46230074485637E-08
481.509101784306 -8.49141565168866E-08
482.509101781782 -8.53425399116848E-08
483.509101779257 -8.60135854401204E-08
484.509101776732 -8.6375740003882E-08
485.509101774207 -8.66756462902756E-08
486.509101771683 -8.68700489494371E-08
487.509101769158 -8.69100819463315E-08
488.509101766633 -8.69286199534161E-08
489.509101764108 -8.68633009632182E-08
490.509101761584 -8.66876637713509E-08
491.509101759059 -8.69077315241654E-08
492.509101756534 -8.67880116338315E-08
493.509101754009 -8.65855341372282E-08
494.509101751485 -8.62691748956716E-08
495.50910174896 -8.60398950043672E-08
496.509101746435 -8.57550769118789E-08
497.50910174391 -8.53740431507181E-08
498.509101741386 -8.47159628542314E-08
499.509101738861 -8.42469778120147E-08
500.509101736336 -8.35873052940605E-08
501.509101733811 -8.29680069633152E-08
502.509101731286 -8.25938728285132E-08
503.509101728762 -8.17442331254852E-08
504.509101726237 -8.13644124854425E-08
505.509101723712 -8.07832516498447E-08
506.509101721187 -8.01691849039208E-08
507.509101718663 -7.95726325941382E-08
508.509101716138 -7.90689977799883E-08
509.509101713613 -7.85953877135093E-08
510.509101711088 -7.81197305051436E-08
511.509101708564 -7.78075792774651E-08
512.509101706039 -7.73269937645574E-08
513.509101703514 -7.71837696525621E-08
514.509101700989 -7.69051688058036E-08
515.509101698465 -7.66862762640722E-08
516.50910169594 -7.63735184758346E-08
517.509101693415 -7.60647791513004E-08
518.50910169089 -7.55693708147321E-08
519.509101688366 -7.50578128032803E-08
520.509101685841 -7.45014451305318E-08
521.509101683316 -7.40603997840644E-08
522.509101680791 -7.34087262834821E-08
523.509101678267 -7.28185428595691E-08
524.509101675742 -7.23989545928765E-08
525.509101673217 -7.18088848990683E-08
526.509101670692 -7.16214197763005E-08
527.509101668168 -7.13137419327446E-08
528.509101665643 -7.1370265794837E-08
529.509101663118 -7.12624496554736E-08
530.509101660593 -7.13307256283967E-08
531.509101658069 -7.11886767274844E-08
532.509101655544 -7.1174308824243E-08
533.509101653019 -7.13536991095691E-08
534.509101650494 -7.18812551557647E-08
535.509101647969 -7.21745271860442E-08
536.509101645445 -7.28284752887228E-08
537.50910164292 -7.31232637203998E-08
538.509101640395 -7.34371967197205E-08
539.50910163787 -7.40228688494759E-08
540.509101635346 -7.46059251868206E-08
541.509101632821 -7.51447026033579E-08
542.509101630296 -7.53047587708657E-08
543.509101627771 -7.53054790615295E-08
544.509101625247 -7.52772360855008E-08
545.509101622722 -7.53696228406444E-08
546.509101620197 -7.56240749951475E-08
547.509101617672 -7.59032444924301E-08
548.509101615148 -7.60312287703804E-08
549.509101612623 -7.60392656977872E-08
550.509101610098 -7.58826593434588E-08
551.509101607573 -7.57300714528338E-08
552.509101605049 -7.57380704702057E-08
553.509101602524 -7.5950935316382E-08
554.509101599999 -7.61675532560171E-08
555.509101597474 -7.64514994177018E-08
556.50910159495 -7.6879844902465E-08
557.509101592425 -7.71560574170225E-08
558.5091015899 -7.80626000824922E-08
559.509101587375 -7.87767114106172E-08
560.509101584851 -7.95812381720691E-08
561.509101582326 -8.05017696404309E-08
562.509101579801 -8.13711225616266E-08
563.509101577276 -8.20084660690023E-08
564.509101574752 -8.24204344186723E-08
565.509101572227 -8.30264642371894E-08
566.509101569702 -8.38179878566576E-08
567.509101567177 -8.47561095812306E-08
568.509101564653 -8.57456373131793E-08
569.509101562128 -8.65888702203028E-08
570.509101559603 -8.72254934370147E-08
571.509101557078 -8.78780388684006E-08
572.509101554553 -8.85081794691382E-08
573.509101552029 -8.96190951329581E-08
574.509101549504 -9.05607424907803E-08
575.509101546979 -9.13849824703998E-08
576.509101544454 -9.17923637058424E-08
577.50910154193 -9.21092157778532E-08
578.509101539405 -9.26579256235443E-08
579.50910153688 -9.31694457249612E-08
580.509101534355 -9.36197411199534E-08
581.509101531831 -9.36822926776009E-08
582.509101529306 -9.34386448830551E-08
583.509101526781 -9.32526961616848E-08
584.509101524256 -9.29969550659937E-08
585.509101521732 -9.26965559491459E-08
586.509101519207 -9.22809482361219E-08
587.509101516682 -9.17198038989713E-08
588.509101514157 -9.09817713388005E-08
589.509101511633 -9.01463478988742E-08
590.509101509108 -8.94081636985636E-08
591.509101506583 -8.88372385723991E-08
592.509101504058 -8.83823560631793E-08
593.509101501534 -8.8508293199243E-08
594.509101499009 -8.86992081351902E-08
595.509101496484 -8.90125345739519E-08
596.509101493959 -8.95777352848408E-08
597.509101491435 -9.03644443298719E-08
598.50910148891 -9.10539899553571E-08
599.509101486385 -9.20421150160132E-08
600.50910148386 -9.32139900160132E-08
601.509101481336 -9.44592967536879E-08
602.509101478811 -9.54612210670613E-08
603.509101476286 -9.62596064028532E-08
604.509101473761 -9.71161457322399E-08
605.509101471236 -9.81535538383152E-08
606.509101468712 -9.89502711325699E-08
607.509101466187 -9.96329929517663E-08
608.509101463662 -9.99599290930706E-08
609.509101461137 -9.9428127122962E-08
610.509101458613 -9.87375958365683E-08
611.509101456088 -9.77150484641887E-08
612.509101453563 -9.69307277513587E-08
613.509101451038 -9.58645838388004E-08
614.509101448514 -9.47554499466226E-08
615.509101445989 -9.37251310170807E-08
616.509101443464 -9.24593528605396E-08
617.509101440939 -9.13819496676048E-08
618.509101438415 -9.04225225033967E-08
619.50910143589 -8.9042369771448E-08
620.509101433365 -8.7444461798816E-08
621.50910143084 -8.58883685947205E-08
622.509101428316 -8.42002726489713E-08
623.509101425791 -8.23654269579775E-08
624.509101423266 -8.02451945239713E-08
625.509101420741 -7.84315405425077E-08
626.509101418217 -7.66288804711763E-08
627.509101415692 -7.49967018269604E-08
628.509101413167 -7.33217227532997E-08
629.509101410642 -7.20867275451281E-08
630.509101408118 -7.07627953949922E-08
631.509101405593 -6.92790345375582E-08
632.509101403068 -6.81935565071817E-08
633.509101400543 -6.70337748083268E-08
634.509101398019 -6.63145456254852E-08
635.509101395494 -6.54418187111801E-08
636.509101392969 -6.48617193565606E-08
637.509101390444 -6.47197083656832E-08
638.509101387919 -6.46698566697399E-08
639.509101385395 -6.45856584821428E-08
640.50910138287 -6.42170971224767E-08
641.509101380345 -6.36846127717391E-08
642.50910137782 -6.33200319657414E-08
643.509101375296 -6.29898734714674E-08
644.509101372771 -6.26644158215256E-08
645.509101370246 -6.21537676509123E-08
646.509101367721 -6.15146802819294E-08
647.509101365197 -6.11317889290567E-08
648.509101362672 -6.05308769652562E-08
649.509101360147 -6.03180500291149E-08
650.509101357622 -6.01633770865683E-08
651.509101355098 -6.03110745826863E-08
652.509101352573 -6.03842409501165E-08
653.509101350048 -6.05085858647127E-08
654.509101347523 -6.06609083850932E-08
655.509101344999 -6.09143748786879E-08
656.509101342474 -6.14090629245924E-08
657.509101339949 -6.1952503275427E-08
658.509101337424 -6.24608389339091E-08
659.5091013349 -6.31523937912461E-08
660.509101332375 -6.35379388465644E-08
661.50910132985 -6.40507099791343E-08
662.509101327325 -6.47136427600931E-08
663.509101324801 -6.5503536248059E-08
664.509101322276 -6.62588557841615E-08
665.509101319751 -6.68303874708851E-08
666.509101317226 -6.73732591711956E-08
667.509101314702 -6.76208116993401E-08
668.509101312177 -6.80106026785714E-08
669.509101309652 -6.84597228624806E-08
670.509101307127 -6.85258758734472E-08
671.509101304603 -6.87515164013975E-08
672.509101302078 -6.89917522927989E-08
673.509101299553 -6.92776318662655E-08
674.509101297028 -6.96162442983307E-08
675.509101294503 -6.96956658215256E-08
676.509101291979 -6.98847231657608E-08
677.509101289454 -7.00266204265334E-08
678.509101286929 -7.04184585476514E-08
679.509101284404 -7.08888841711956E-08
680.50910128188 -7.1013759826281E-08
681.509101279355 -7.11082316333463E-08
682.50910127683 -7.1102317667896E-08
683.509101274305 -7.14476780861801E-08
684.509101271781 -7.16227845375582E-08
685.509101269256 -7.14428256017081E-08
686.509101266731 -7.09288034379852E-08
687.509101264206 -7.02403572035132E-08
688.509101261682 -6.97005183059977E-08
689.509101259157 -6.92597762398098E-08
690.509101256632 -6.89045213024068E-08
691.509101254107 -6.83467509583657E-08
692.509101251583 -6.77449670637616E-08
693.509101249058 -6.71527744079969E-08
694.509101246533 -6.66125943201669E-08
695.509101244008 -6.60617236024845E-08
696.509101241484 -6.56445994880629E-08
697.509101238959 -6.52449139897127E-08
698.509101236434 -6.49784064440994E-08
699.509101233909 -6.47755877571816E-08
700.509101231385 -6.49790888247283E-08
701.50910122886 -6.50877010748253E-08
702.509101226335 -6.49503151082104E-08
703.50910122381 -6.49905376552795E-08
704.509101221286 -6.509096133783E-08
705.509101218761 -6.53114840110637E-08
706.509101216236 -6.52623146957492E-08
707.509101213711 -6.52128800101902E-08
708.509101211186 -6.50895965765722E-08
709.509101208662 -6.49353785544449E-08
710.509101206137 -6.50134732264169E-08
711.509101203612 -6.51792158991654E-08
712.509101201087 -6.51874423767469E-08
713.509101198563 -6.52411988062888E-08
714.509101196038 -6.49854956206327E-08
715.509101193513 -6.4714969611316E-08
716.509101190988 -6.43410629367236E-08
717.509101188464 -6.40657602630046E-08
718.509101185939 -6.37370044400233E-08
719.509101183414 -6.33062327130241E-08
720.509101180889 -6.29075707856172E-08
721.509101178365 -6.22922530085404E-08
722.50910117584 -6.17962002013781E-08
723.509101173315 -6.12136366944876E-08
724.50910117079 -6.069643008783E-08
725.509101168266 -5.98713181774068E-08
726.509101165741 -5.9160770392566E-08
727.509101163216 -5.86841654333269E-08
728.509101160691 -5.81923964601126E-08
729.509101158167 -5.76560073757764E-08
730.509101155642 -5.71531686723602E-08
731.509101153117 -5.67727793817935E-08
732.509101150592 -5.63807517105008E-08
733.509101148068 -5.61040842755241E-08
734.509101145543 -5.59911502814441E-08
735.509101143018 -5.58669190969526E-08
736.509101140493 -5.57031856560559E-08
737.509101137969 -5.55679605614324E-08
738.509101135444 -5.53263219987383E-08
739.509101132919 -5.53572186772127E-08
740.509101130394 -5.52066400184394E-08
741.509101127869 -5.52171790081522E-08
742.509101125345 -5.52899662752329E-08
743.50910112282 -5.52008397830939E-08
744.509101120295 -5.50508676848796E-08
745.50910111777 -5.49441888465644E-08
746.509101115246 -5.47660495923913E-08
747.509101112721 -5.45001865173719E-08
748.509101110196 -5.45592124417702E-08
749.509101107671 -5.46250242624224E-08
750.509101105147 -5.46206266983696E-08
751.509101102622 -5.45465504901009E-08
752.509101100097 -5.47136958341421E-08
753.509101097572 -5.49452882375776E-08
754.509101095048 -5.50559855395963E-08
755.509101092523 -5.54946046438276E-08
756.509101089998 -5.56978403411297E-08
757.509101087473 -5.58222231657609E-08
758.509101084949 -5.6053436468847E-08
759.509101082424 -5.62997758758734E-08
760.509101079899 -5.6339695142663E-08
761.509101077374 -5.66174619686529E-08
762.50910107485 -5.67230793259899E-08
763.509101072325 -5.70121433423913E-08
764.5091010698 -5.69961453076475E-08
765.509101067275 -5.71592721879852E-08
766.509101064751 -5.70617296680901E-08
767.509101062226 -5.72135214479814E-08
768.509101059701 -5.73067043138587E-08
769.509101057176 -5.74308975883152E-08
770.509101054652 -5.75499730080551E-08
771.509101052127 -5.7645847486413E-08
772.509101049602 -5.76594571889557E-08
773.509101047077 -5.77539669060559E-08
774.509101044552 -5.80007612335015E-08
775.509101042028 -5.81699537194293E-08
776.509101039503 -5.83345211810947E-08
777.509101036978 -5.86021281177213E-08
778.509101034453 -5.86563394676824E-08
779.509101031929 -5.87874323684977E-08
780.509101029404 -5.89788022248641E-08
781.509101026879 -5.91372282608695E-08
782.509101024354 -5.89982121627523E-08
783.50910102183 -5.90304356924495E-08
784.509101019305 -5.88951726877911E-08
785.50910101678 -5.88734881478067E-08
786.509101014255 -5.88892587223408E-08
787.509101011731 -5.90532196234472E-08
788.509101009206 -5.90332789450699E-08
789.509101006681 -5.91409434442935E-08
790.509101004156 -5.91229740877329E-08
791.509101001632 -5.91532642056483E-08
792.509100999107 -5.91738114445846E-08
793.509100996582 -5.91409813543284E-08
794.509100994057 -5.90739564125582E-08
795.509100991533 -5.91109186966227E-08
796.509100989008 -5.90694830284356E-08
797.509100986483 -5.90850261427601E-08
798.509100983958 -5.91188798039596E-08
799.509100981434 -5.91739251746894E-08
800.509100978909 -5.91553492575699E-08
801.509100976384 -5.90553046753688E-08
802.509100973859 -5.89266759268245E-08
803.509100971335 -5.88504767565994E-08
804.50910096881 -5.86770762567935E-08
805.509100966285 -5.85417374320652E-08
