Title: Title
Label: 0.05mM
6.51051498356253 -8.39010108331716E-05
7.51051498103777 -8.42594881235443E-05
8.51051497851302 -8.44169664086763E-05
9.51051497598826 -8.41518994443905E-05
10.5105149734635 -8.31700295394992E-05
11.5105149709387 -8.19857579580745E-05
12.510514968414 -8.09845539353649E-05
13.5105149658892 -7.97747309903921E-05
14.5105149633645 -7.82218601392663E-05
15.5105149608397 -7.65256135360054E-05
16.510514958315 -7.46550565921001E-05
17.5105149557902 -7.25935847122477E-05
18.5105149532654 -7.03470739518633E-05
19.5105149507407 -6.81860882302989E-05
20.5105149482159 -6.60713830793866E-05
21.5105149456912 -6.38812938240004E-05
22.5105149431664 -6.21761421535326E-05
23.5105149406417 -6.10851027210307E-05
24.5105149381169 -6.03051568262325E-05
25.5105149355921 -5.88501962223408E-05
26.5105149330674 -5.71818551957977E-05
27.5105149305426 -5.55222675963218E-05
28.5105149280179 -5.38957413383152E-05
29.5105149254931 -5.24456142638781E-05
30.5105149229684 -5.07859015612869E-05
31.5105149204436 -4.89530158190994E-05
32.5105149179188 -4.71374322168575E-05
33.5105149153941 -4.58201229498253E-05
34.5105149128693 -4.47925411248059E-05
35.5105149103446 -4.36435448308909E-05
36.5105149078198 -4.25444495159647E-05
37.5105149052951 -4.16774432259317E-05
38.5105149027703 -4.08219426315023E-05
39.5105149002455 -4.00328490452737E-05
40.5105148977208 -3.94390565860346E-05
41.510514895196 -3.89623492697011E-05
42.5105148926713 -3.85806672469429E-05
43.5105148901465 -3.83259990052407E-05
44.5105148876218 -3.80023534549689E-05
45.510514885097 -3.76417115016013E-05
46.5105148825722 -3.7266538631842E-05
47.5105148800475 -3.71382169545807E-05
48.5105148775227 -3.74016158773292E-05
49.510514874998 -3.79958405109666E-05
50.5105148724732 -3.86788542374321E-05
51.5105148699485 -3.93935038880532E-05
52.5105148674237 -3.9930112850592E-05
53.5105148648989 -4.02671292701863E-05
54.5105148623742 -4.04298997961956E-05
55.5105148598494 -4.03370126285908E-05
56.5105148573247 -4.01776729607434E-05
57.5105148547999 -3.99874252414111E-05
58.5105148522752 -3.96414393075505E-05
59.5105148497504 -3.9325887549738E-05
60.5105148472256 -3.89883176436336E-05
61.5105148447009 -3.86297038771351E-05
62.5105148421761 -3.82621698794158E-05
63.5105148396514 -3.77600893766984E-05
64.5105148371266 -3.72067279697205E-05
65.5105148346019 -3.64673116932745E-05
66.5105148320771 -3.56713222716906E-05
67.5105148295523 -3.49154454580745E-05
68.5105148270276 -3.43982653884414E-05
69.5105148245028 -3.42252174519604E-05
70.5105148219781 -3.42008830005338E-05
71.5105148194533 -3.41976227375291E-05
72.5105148169285 -3.40933739324534E-05
73.5105148144038 -3.3935546875E-05
74.510514811879 -3.38139201099088E-05
75.5105148093543 -3.37109185449825E-05
76.5105148068295 -3.36952730735637E-05
77.5105148043048 -3.37266701644992E-05
78.51051480178 -3.38734199097438E-05
79.5105147992552 -3.41411898595206E-05
80.5105147967305 -3.45411483101223E-05
81.5105147942057 -3.50798309515722E-05
82.510514791681 -3.5500480699243E-05
83.5105147891562 -3.57471650875874E-05
84.5105147866315 -3.58829512507279E-05
85.5105147841067 -3.58900518002717E-05
86.5105147815819 -3.57592356427116E-05
87.5105147790572 -3.54667483501553E-05
88.5105147765324 -3.51440619237675E-05
89.5105147740077 -3.46960866229134E-05
90.5105147714829 -3.42037982822205E-05
91.5105147689582 -3.35987313785908E-05
92.5105147664334 -3.29323601574631E-05
93.5105147639086 -3.2309869801776E-05
94.5105147613839 -3.17164261148583E-05
95.5105147588591 -3.12153161090353E-05
96.5105147563344 -3.07693462490295E-05
97.5105147538096 -3.02539327870245E-05
98.5105147512849 -2.97673991896351E-05
99.5105147487601 -2.9318517838946E-05
100.510514746235 -2.89342541428086E-05
101.510514743711 -2.86691985515334E-05
102.510514741186 -2.85575989906832E-05
103.510514738661 -2.8525360296972E-05
104.510514736136 -2.84499420734666E-05
105.510514733612 -2.83861773947011E-05
106.510514731087 -2.82831796207783E-05
107.510514728562 -2.8165582692401E-05
108.510514726037 -2.80736811857046E-05
109.510514723513 -2.81359218810656E-05
110.510514720988 -2.83041855711374E-05
111.510514718463 -2.85190710221759E-05
112.510514715938 -2.87491280691964E-05
113.510514713414 -2.9017333984375E-05
114.510514710889 -2.92879509777756E-05
115.510514708364 -2.95225344829678E-05
116.510514705839 -2.97132333317158E-05
117.510514703314 -2.98445612747477E-05
118.51051470079 -2.98972713873253E-05
119.510514698265 -2.98907963533579E-05
120.51051469574 -2.98456227557259E-05
121.510514693215 -2.97588504767566E-05
122.510514690691 -2.96533468495245E-05
123.510514688166 -2.9484886027271E-05
124.510514685641 -2.9335914753979E-05
125.510514683116 -2.91734550902562E-05
126.510514680592 -2.89273658894604E-05
127.510514678067 -2.86809127523292E-05
128.510514675542 -2.84011101574631E-05
129.510514673017 -2.81578073442352E-05
130.510514670493 -2.7962062669837E-05
131.510514667968 -2.78374599670031E-05
132.510514665443 -2.76916807186529E-05
133.510514662918 -2.75307147103067E-05
134.510514660394 -2.74027190593459E-05
135.510514657869 -2.73011391207298E-05
136.510514655344 -2.719632166513E-05
137.510514652819 -2.7096546244177E-05
138.510514650295 -2.7008049058618E-05
139.51051464777 -2.69097672930415E-05
140.510514645245 -2.68154812451475E-05
141.51051464272 -2.67149893245342E-05
142.510514640196 -2.66046066758055E-05
143.510514637671 -2.64669667119565E-05
144.510514635146 -2.63243756975446E-05
145.510514632621 -2.61583297445167E-05
146.510514630097 -2.6015295182696E-05
147.510514627572 -2.59066374405571E-05
148.510514625047 -2.58097090632279E-05
149.510514622522 -2.57428850446429E-05
150.510514619997 -2.56495391656153E-05
151.510514617473 -2.55593094914596E-05
152.510514614948 -2.54964432805221E-05
153.510514612423 -2.54530855735637E-05
154.510514609898 -2.54121654818517E-05
155.510514607374 -2.53986505543964E-05
156.510514604849 -2.53802945154794E-05
157.510514602324 -2.53296580818129E-05
158.510514599799 -2.52668184078999E-05
159.510514597275 -2.51857857082201E-05
160.51051459475 -2.50871324243012E-05
161.510514592225 -2.49580525463412E-05
162.5105145897 -2.48392879888878E-05
163.510514587176 -2.47084149662752E-05
164.510514584651 -2.45532833123059E-05
165.510514582126 -2.43596047348117E-05
166.510514579601 -2.41330884850543E-05
167.510514577077 -2.38958664414305E-05
168.510514574552 -2.36317586010287E-05
169.510514572027 -2.33576955854523E-05
170.510514569502 -2.30665427261258E-05
171.510514566978 -2.27672392092877E-05
172.510514564453 -2.2447494601611E-05
173.510514561928 -2.21434447483987E-05
174.510514559403 -2.18591611874029E-05
175.510514556879 -2.16042654854911E-05
176.510514554354 -2.13874655776883E-05
177.510514551829 -2.11515931313082E-05
178.510514549304 -2.09286745438665E-05
179.51051454678 -2.07482341505726E-05
180.510514544255 -2.06961419715644E-05
181.51051454173 -2.06844050247477E-05
182.510514539205 -2.07392115622574E-05
183.51051453668 -2.08407611728455E-05
184.510514534156 -2.0971080708948E-05
185.510514531631 -2.11150061565897E-05
186.510514529106 -2.12395519943711E-05
187.510514526581 -2.1341867387665E-05
188.510514524057 -2.14400960791925E-05
189.510514521532 -2.15483557659647E-05
190.510514519007 -2.16213287922166E-05
191.510514516482 -2.16603761282026E-05
192.510514513958 -2.16540110333366E-05
193.510514511433 -2.16032798245827E-05
194.510514508908 -2.151792538092E-05
195.510514506383 -2.13962531237869E-05
196.510514503859 -2.12621350021836E-05
197.510514501334 -2.11130499987869E-05
198.510514498809 -2.09344899432259E-05
199.510514496284 -2.07022568601999E-05
200.51051449376 -2.05246521375194E-05
201.510514491235 -2.03879637155474E-05
202.51051448871 -2.03015970739519E-05
203.510514486185 -2.01541535750679E-05
204.510514483661 -2.00437822993498E-05
205.510514481136 -1.9920661878882E-05
206.510514478611 -1.97560375521642E-05
207.510514476086 -1.96076993764557E-05
208.510514473562 -1.94414032171972E-05
209.510514471037 -1.93058141862384E-05
210.510514468512 -1.92034608829095E-05
211.510514465987 -1.91277507521351E-05
212.510514463463 -1.90648617951766E-05
213.510514460938 -1.90431128081328E-05
214.510514458413 -1.90146120438665E-05
215.510514455888 -1.8991407311481E-05
216.510514453363 -1.89713112019604E-05
217.510514450839 -1.89356795601223E-05
218.510514448314 -1.88481831994856E-05
219.510514445789 -1.87341839334239E-05
220.510514443264 -1.86081785592974E-05
221.51051444074 -1.84841520889946E-05
222.510514438215 -1.83774239676339E-05
223.51051443569 -1.82685653023098E-05
224.510514433165 -1.81716255519701E-05
225.510514430641 -1.80681311565897E-05
226.510514428116 -1.799560546875E-05
227.510514425591 -1.78918911951669E-05
228.510514423066 -1.77854701450893E-05
229.510514420542 -1.77054231063179E-05
230.510514418017 -1.76290457589286E-05
231.510514415492 -1.76004881296099E-05
232.510514412967 -1.76084113269119E-05
233.510514410443 -1.76318473105105E-05
234.510514407918 -1.77022689914111E-05
235.510514405393 -1.77846133782997E-05
236.510514402868 -1.78371794327446E-05
237.510514400344 -1.78804764836471E-05
238.510514397819 -1.78910988754367E-05
239.510514395294 -1.78580906080163E-05
240.510514392769 -1.77846740343556E-05
241.510514390245 -1.7722751783288E-05
242.51051438772 -1.76636917398583E-05
243.510514385195 -1.76060002486898E-05
244.51051438267 -1.75342820445943E-05
245.510514380146 -1.74538634874806E-05
246.510514377621 -1.7377914523486E-05
247.510514375096 -1.72840871870147E-05
248.510514372571 -1.71782802795031E-05
249.510514370047 -1.70597166452349E-05
250.510514367522 -1.69515327785326E-05
251.510514364997 -1.68540433326863E-05
252.510514362472 -1.67456016777465E-05
253.510514359947 -1.66716733186141E-05
254.510514357423 -1.66095122343265E-05
255.510514354898 -1.65528670601223E-05
256.510514352373 -1.65293931664887E-05
257.510514349848 -1.64948647066673E-05
258.510514347324 -1.64686233804833E-05
259.510514344799 -1.64324041331036E-05
260.510514342274 -1.63845048039596E-05
261.510514339749 -1.632261288092E-05
262.510514337225 -1.6264678765528E-05
263.5105143347 -1.6205777944245E-05
264.510514332175 -1.61573744116363E-05
265.51051432965 -1.61059835682745E-05
266.510514327126 -1.60653705478455E-05
267.510514324601 -1.60331887191867E-05
268.510514322076 -1.60059579410908E-05
269.510514319551 -1.60028531092294E-05
270.510514317027 -1.60247878554445E-05
271.510514314502 -1.60695216966712E-05
272.510514311977 -1.61298555172748E-05
273.510514309452 -1.61963497185559E-05
274.510514306928 -1.62537872124903E-05
275.510514304403 -1.63199061044255E-05
276.510514301878 -1.63734919388102E-05
277.510514299353 -1.64201440278047E-05
278.510514296829 -1.64482050356658E-05
279.510514294304 -1.64434473262811E-05
280.510514291779 -1.6397674750097E-05
281.510514289254 -1.63236288698564E-05
282.51051428673 -1.62106797117624E-05
283.510514284205 -1.60618145865683E-05
284.51051428168 -1.58909654321137E-05
285.510514279155 -1.57103506526592E-05
286.51051427663 -1.55459575771545E-05
287.510514274106 -1.53934265515819E-05
288.510514271581 -1.52592136548913E-05
289.510514269056 -1.5144626783288E-05
290.510514266531 -1.50644887604328E-05
291.510514264007 -1.50052315848214E-05
292.510514261482 -1.49520324327931E-05
293.510514258957 -1.49198695591518E-05
294.510514256432 -1.48955199437112E-05
295.510514253908 -1.48665111849767E-05
296.510514251383 -1.48307658130338E-05
297.510514248858 -1.47959909379852E-05
298.510514246333 -1.4766868449146E-05
299.510514243809 -1.47217668805804E-05
300.510514241284 -1.46526189768536E-05
301.510514238759 -1.45672948612189E-05
302.510514236234 -1.44680274347341E-05
303.51051423371 -1.43734987626165E-05
304.510514231185 -1.42750729389072E-05
305.51051422866 -1.41940402392275E-05
306.510514226135 -1.41425394567644E-05
307.510514223611 -1.4130851792993E-05
308.510514221086 -1.41796230529406E-05
309.510514218561 -1.42589270550272E-05
310.510514216036 -1.43571936565897E-05
311.510514213512 -1.44755942777077E-05
312.510514210987 -1.46094735660908E-05
313.510514208462 -1.47362257679057E-05
314.510514205937 -1.4864164553814E-05
315.510514203413 -1.49840095472632E-05
316.510514200888 -1.50654365113063E-05
317.510514198363 -1.5091529988354E-05
318.510514195838 -1.50709562123932E-05
319.510514193314 -1.50352942425272E-05
320.510514190789 -1.50179124915081E-05
321.510514188264 -1.5020429717828E-05
322.510514185739 -1.5036928165033E-05
323.510514183214 -1.50597765430901E-05
324.51051418069 -1.51271540481852E-05
325.510514178165 -1.52150977472341E-05
326.51051417564 -1.52967445894798E-05
327.510514173115 -1.54212373532123E-05
328.510514170591 -1.55605794776301E-05
329.510514168066 -1.56636265345982E-05
330.510514165541 -1.57663892663043E-05
331.510514163016 -1.58420311590159E-05
332.510514160492 -1.59208726586762E-05
333.510514157967 -1.59847624405571E-05
334.510514155442 -1.60665078488936E-05
335.510514152917 -1.61096646326669E-05
336.510514150393 -1.60756327943032E-05
337.510514147868 -1.60283172796972E-05
338.510514145343 -1.59209977617915E-05
339.510514142818 -1.5786724209045E-05
340.510514140294 -1.56591834785035E-05
341.510514137769 -1.55662280728358E-05
342.510514135244 -1.54799448333172E-05
343.510514132719 -1.54425958668964E-05
344.510514130195 -1.54228978127426E-05
345.51051412767 -1.54178519870924E-05
346.510514125145 -1.54391346807065E-05
347.51051412262 -1.54684846297554E-05
348.510514120096 -1.55391148158482E-05
349.510514117571 -1.56691121166537E-05
350.510514115046 -1.57812158809686E-05
351.510514112521 -1.58788304299301E-05
352.510514109997 -1.59976632254464E-05
353.510514107472 -1.61353752183618E-05
354.510514104947 -1.62696753081328E-05
355.510514102422 -1.63999266061724E-05
356.510514099897 -1.65658360830745E-05
357.510514097373 -1.66901317146254E-05
358.510514094848 -1.67750767299107E-05
359.510514092323 -1.68621750351805E-05
360.510514089798 -1.69276949485637E-05
361.510514087274 -1.6984855699243E-05
362.510514084749 -1.69916946695458E-05
363.510514082224 -1.69684254901009E-05
364.510514079699 -1.6906416045953E-05
365.510514077175 -1.68130398388975E-05
366.51051407465 -1.66723443262325E-05
367.510514072125 -1.65137022030279E-05
368.5105140696 -1.63783254682648E-05
369.510514067076 -1.62900178328804E-05
370.510514064551 -1.62016609144507E-05
371.510514062026 -1.61438670661879E-05
372.510514059501 -1.62322581036491E-05
373.510514056977 -1.63796144094526E-05
374.510514054452 -1.65650020623059E-05
375.510514051927 -1.67841144822399E-05
376.510514049402 -1.69964447969235E-05
377.510514046878 -1.72375222911005E-05
378.510514044353 -1.7501505028387E-05
379.510514041828 -1.77468094914596E-05
380.510514039303 -1.79792700346953E-05
381.510514036779 -1.82162115440606E-05
382.510514034254 -1.84661220763781E-05
383.510514031729 -1.86691871785229E-05
384.510514029204 -1.88350284173622E-05
385.51051402668 -1.89679485818614E-05
386.510514024155 -1.90335443153144E-05
387.51051402163 -1.89996413710695E-05
388.510514019105 -1.89362254646254E-05
389.51051401658 -1.88501848493304E-05
390.510514014056 -1.87163169339577E-05
391.510514011531 -1.85450545601223E-05
392.510514009006 -1.83218061553766E-05
393.510514006481 -1.81714435838024E-05
394.510514003957 -1.81041722268051E-05
395.510514001432 -1.79898848444779E-05
396.510513998907 -1.7868667507764E-05
397.510513996382 -1.77695630944293E-05
398.510513993858 -1.76682978091033E-05
399.510513991333 -1.75731284573952E-05
400.510513988808 -1.74833537036588E-05
401.510513986283 -1.73945191187888E-05
402.510513983759 -1.73057755180027E-05
403.510513981234 -1.72327077166634E-05
404.510513978709 -1.71787655279503E-05
405.510513976184 -1.71427889047943E-05
406.51051397366 -1.71437366556677E-05
407.510513971135 -1.7163700080066E-05
408.51051396861 -1.71947900997186E-05
409.510513966085 -1.72220625788529E-05
410.510513963561 -1.72628651494565E-05
411.510513961036 -1.73030459954872E-05
412.510513958511 -1.73260839237189E-05
413.510513955986 -1.7347082292071E-05
414.510513953462 -1.73533564028533E-05
415.510513950937 -1.74100584421099E-05
416.510513948412 -1.7474964212927E-05
417.510513945887 -1.75512354122186E-05
418.510513943363 -1.76303801921584E-05
419.510513940838 -1.7723081600592E-05
420.510513938313 -1.77790823042023E-05
421.510513935788 -1.78049748580648E-05
422.510513933264 -1.78033598905765E-05
423.510513930739 -1.77924569645283E-05
424.510513928214 -1.77666136937112E-05
425.510513925689 -1.77192640600738E-05
426.510513923164 -1.76594458159453E-05
427.51051392064 -1.76040630459045E-05
428.510513918115 -1.75769308338995E-05
429.51051391559 -1.75334783518536E-05
430.510513913065 -1.74904656262131E-05
431.510513910541 -1.74584316466906E-05
432.510513908016 -1.74196913819876E-05
433.510513905491 -1.73922369346856E-05
434.510513902966 -1.7380700911054E-05
435.510513900442 -1.73634594271642E-05
436.510513897917 -1.73271605687112E-05
437.510513895392 -1.7308687008686E-05
438.510513892867 -1.72925145877814E-05
439.510513890343 -1.72788063191479E-05
440.510513887818 -1.72785106208754E-05
441.510513885293 -1.72901907026397E-05
442.510513882768 -1.73094793284162E-05
443.510513880244 -1.73292607846467E-05
444.510513877719 -1.73628907766401E-05
445.510513875194 -1.74071090413917E-05
446.510513872669 -1.74488707358793E-05
447.510513870145 -1.74805900621118E-05
448.51051386762 -1.75179769385675E-05
449.510513865095 -1.7561065484278E-05
450.51051386257 -1.76015079095497E-05
451.510513860046 -1.76156331885675E-05
452.510513857521 -1.76215926460598E-05
453.510513854996 -1.76178395526009E-05
454.510513852471 -1.76023495123253E-05
455.510513849947 -1.75917119565217E-05
456.510513847422 -1.75648147867333E-05
457.510513844897 -1.75032640540082E-05
458.510513842372 -1.74172196477096E-05
459.510513839847 -1.73320888732531E-05
460.510513837323 -1.72284542107434E-05
461.510513834798 -1.71202172699922E-05
462.510513832273 -1.7014781880823E-05
463.510513829748 -1.69097597110345E-05
464.510513827224 -1.68077627620342E-05
465.510513824699 -1.67079342670322E-05
466.510513822174 -1.66158735381891E-05
467.510513819649 -1.6511821865295E-05
468.510513817125 -1.64125089467682E-05
469.5105138146 -1.63159141777465E-05
470.510513812075 -1.62326372039984E-05
471.51051380955 -1.61586481888102E-05
472.510513807026 -1.61060138963024E-05
473.510513804501 -1.6066272806677E-05
474.510513801976 -1.60475338764072E-05
475.510513799451 -1.60554722377232E-05
476.510513796927 -1.60612231900233E-05
477.510513794402 -1.60772856718265E-05
478.510513791877 -1.61142896569293E-05
479.510513789352 -1.61558125181968E-05
480.510513786828 -1.62032038528727E-05
481.510513784303 -1.62604328416149E-05
482.510513781778 -1.63321813737384E-05
483.510513779253 -1.64194237371409E-05
484.510513776729 -1.65154195276106E-05
485.510513774204 -1.66232546219915E-05
486.510513771679 -1.67283753578707E-05
487.510513769154 -1.68001959190606E-05
488.51051376663 -1.68404639581716E-05
489.510513764105 -1.6857580338946E-05
490.51051376158 -1.68836055779309E-05
491.510513759055 -1.69037812985248E-05
492.51051375653 -1.69311220157221E-05
493.510513754006 -1.69312471188373E-05
494.510513751481 -1.693296444342E-05
495.510513748956 -1.69315655631308E-05
496.510513746431 -1.69285592973603E-05
497.510513743907 -1.69047063033773E-05
498.510513741382 -1.68575575929251E-05
499.510513738857 -1.68385343373932E-05
500.510513736332 -1.68269604037267E-05
501.510513733808 -1.67956163868401E-05
502.510513731283 -1.67544119698661E-05
503.510513728758 -1.67068310850155E-05
504.510513726233 -1.66558913710695E-05
505.510513723709 -1.65991097207395E-05
506.510513721184 -1.65472791209724E-05
507.510513718659 -1.64931132630532E-05
508.510513716134 -1.64414229304154E-05
509.51051371361 -1.63819875776397E-05
510.510513711085 -1.63324315799689E-05
511.51051370856 -1.6290867017663E-05
512.510513706035 -1.62676774492915E-05
513.510513703511 -1.6247221194439E-05
514.510513700986 -1.62248239457977E-05
515.510513698461 -1.62121240840936E-05
516.510513695936 -1.6220687960986E-05
517.510513693412 -1.62404239251747E-05
518.510513690887 -1.62602395004367E-05
519.510513688362 -1.62759987019604E-05
520.510513685837 -1.62993512834821E-05
521.510513683313 -1.63310592367042E-05
522.510513680788 -1.63453740658967E-05
523.510513678263 -1.63452717088024E-05
524.510513675738 -1.63363211495536E-05
525.510513673214 -1.63141096600835E-05
526.510513670689 -1.62763626382958E-05
527.510513668164 -1.62225569257085E-05
528.510513665639 -1.61587012628591E-05
529.510513663114 -1.60868958656832E-05
530.51051366059 -1.60123571549884E-05
531.510513658065 -1.59247963472923E-05
532.51051365554 -1.58253355796293E-05
533.510513653015 -1.57158779357531E-05
534.510513650491 -1.56080049313373E-05
535.510513647966 -1.54881030728358E-05
536.510513645441 -1.53550578052213E-05
537.510513642916 -1.52399401931289E-05
538.510513640392 -1.51294059042605E-05
539.510513637867 -1.50353359435656E-05
540.510513635342 -1.49605583996506E-05
541.510513632817 -1.48937305900621E-05
542.510513630293 -1.48520143876165E-05
543.510513627768 -1.48227023486025E-05
544.510513625243 -1.48081941782318E-05
545.510513622718 -1.48110715498835E-05
546.510513620194 -1.48222398461762E-05
547.510513617669 -1.48319751431483E-05
548.510513615144 -1.48403153508346E-05
549.510513612619 -1.48448038989713E-05
550.510513610095 -1.48393865549786E-05
551.51051360757 -1.48254015430901E-05
552.510513605045 -1.47998046875E-05
553.51051360252 -1.47748181834724E-05
554.510513599996 -1.47371848917896E-05
555.510513597471 -1.46708157936238E-05
556.510513594946 -1.45691259159064E-05
557.510513592421 -1.44511764242042E-05
558.510513589897 -1.43035130471176E-05
559.510513587372 -1.42019141534841E-05
560.510513584847 -1.41273792337927E-05
561.510513582322 -1.41048417180221E-05
562.510513579797 -1.41338201487286E-05
563.510513577273 -1.41875348772321E-05
564.510513574748 -1.42726808157026E-05
565.510513572223 -1.43857285398874E-05
566.510513569698 -1.45262686214092E-05
567.510513567174 -1.46959008637422E-05
568.510513564649 -1.48703363075019E-05
569.510513562124 -1.50602125084919E-05
570.510513559599 -1.5231948757764E-05
571.510513557075 -1.53934758346273E-05
572.51051355455 -1.55402407438859E-05
573.510513552025 -1.56813039838898E-05
574.5105135495 -1.58032719392954E-05
575.510513546976 -1.59084647042411E-05
576.510513544451 -1.5980554426679E-05
577.510513541926 -1.59829275948661E-05
578.510513539401 -1.5968032742139E-05
579.510513536877 -1.59418444900039E-05
580.510513534352 -1.59139010032512E-05
581.510513531827 -1.59260852884802E-05
582.510513529302 -1.59294896096176E-05
583.510513526778 -1.59576908846079E-05
584.510513524253 -1.59931936323272E-05
585.510513521728 -1.5997943759705E-05
586.510513519203 -1.60135323660714E-05
587.510513516679 -1.60089035508055E-05
588.510513514154 -1.60144308338995E-05
589.510513511629 -1.60216792325796E-05
590.510513509104 -1.60236126443614E-05
591.51051350658 -1.60322637143342E-05
592.510513504055 -1.60166864809783E-05
593.51051350153 -1.60106815314441E-05
594.510513499005 -1.6007057332104E-05
595.51051349648 -1.60124140200408E-05
596.510513493956 -1.60152041986122E-05
597.510513491431 -1.60269563094429E-05
598.510513488906 -1.60278206582395E-05
599.510513486381 -1.60135247840644E-05
600.510513483857 -1.60229188907221E-05
601.510513481332 -1.60313311274748E-05
602.510513478807 -1.60522423027465E-05
603.510513476282 -1.60625500412461E-05
604.510513473758 -1.60573412024457E-05
605.510513471233 -1.6052568329047E-05
606.510513468708 -1.60550059442935E-05
607.510513466183 -1.60423743206522E-05
608.510513463659 -1.60480380798719E-05
609.510513461134 -1.60408996202931E-05
610.510513458609 -1.60654312039014E-05
611.510513456084 -1.60883781480493E-05
612.51051345356 -1.6110233283191E-05
613.510513451035 -1.61275392141401E-05
614.51051344851 -1.61385369152756E-05
615.510513445985 -1.6156635165955E-05
616.510513443461 -1.61818605032026E-05
617.510513440936 -1.62068811262616E-05
618.510513438411 -1.62344189756405E-05
619.510513435886 -1.62590377523292E-05
620.510513433362 -1.62821022175854E-05
621.510513430837 -1.63059590025718E-05
622.510513428312 -1.63256077736801E-05
623.510513425787 -1.63474174167799E-05
624.510513423263 -1.63608982252038E-05
625.510513420738 -1.63563338569973E-05
626.510513418213 -1.63467843191964E-05
627.510513415688 -1.63443580769604E-05
628.510513413163 -1.63477851441188E-05
629.510513410639 -1.63490361752717E-05
630.510513408114 -1.63483613766498E-05
631.510513405589 -1.635560977533E-05
632.510513403064 -1.63572702348602E-05
633.51051340054 -1.63550145877815E-05
634.510513398015 -1.63488390430901E-05
635.51051339549 -1.63420152368012E-05
636.510513392965 -1.63566371372768E-05
637.510513390441 -1.63791708620439E-05
638.510513387916 -1.64044947653824E-05
639.510513385391 -1.64259897551922E-05
640.510513382866 -1.64353118327834E-05
641.510513380342 -1.64425981414984E-05
642.510513377817 -1.64526897927989E-05
643.510513375292 -1.64723233998932E-05
644.510513372767 -1.64817364615683E-05
645.510513370243 -1.6491706800757E-05
646.510513367718 -1.64682366981269E-05
647.510513365193 -1.64292045261549E-05
648.510513362668 -1.63941756538723E-05
649.510513360144 -1.63484409877232E-05
650.510513357619 -1.63092912946429E-05
651.510513355094 -1.62746225676922E-05
652.510513352569 -1.62433164608405E-05
653.510513350045 -1.62168742114713E-05
654.51051334752 -1.61820690083948E-05
655.510513344995 -1.61617264836471E-05
656.51051334247 -1.61542430427504E-05
657.510513339946 -1.61530375036394E-05
658.510513337421 -1.61700818553474E-05
659.510513334896 -1.61857235357628E-05
660.510513332371 -1.62003340632279E-05
661.510513329847 -1.62249300938956E-05
662.510513327322 -1.62418038504464E-05
663.510513324797 -1.62717679420613E-05
664.510513322272 -1.63030437208851E-05
665.510513319747 -1.63375039426436E-05
666.510513317223 -1.63527968507376E-05
667.510513314698 -1.63560419497283E-05
668.510513312173 -1.63368101890043E-05
669.510513309648 -1.63262787812985E-05
670.510513307124 -1.63203269058133E-05
671.510513304599 -1.63076346261161E-05
672.510513302074 -1.63011558011452E-05
673.510513299549 -1.62883611643536E-05
674.510513297025 -1.62695426230105E-05
675.5105132945 -1.62406551763878E-05
676.510513291975 -1.6213086998981E-05
677.51051328945 -1.61927103552019E-05
678.510513286926 -1.61689938373447E-05
679.510513284401 -1.61409328294837E-05
680.510513281876 -1.61171784015916E-05
681.510513279351 -1.61040122464577E-05
682.510513276827 -1.6096483313519E-05
683.510513274302 -1.61045012859084E-05
684.510513271777 -1.61063892056483E-05
685.510513269252 -1.61105062354425E-05
686.510513266728 -1.6115116095691E-05
687.510513264203 -1.61217351877911E-05
688.510513261678 -1.61313377996409E-05
689.510513259153 -1.61380592488354E-05
690.510513256629 -1.61448223990683E-05
691.510513254104 -1.61494739603552E-05
692.510513251579 -1.61577838400136E-05
693.510513249054 -1.61594556725543E-05
694.51051324653 -1.61553955078125E-05
695.510513244005 -1.61455919727776E-05
696.51051324148 -1.61286916792023E-05
697.510513238955 -1.61128604486122E-05
698.51051323643 -1.61054604097923E-05
699.510513233906 -1.61000733938276E-05
700.510513231381 -1.60899362504852E-05
701.510513228856 -1.60785746130144E-05
702.510513226331 -1.60649232094332E-05
703.510513223807 -1.60531976356269E-05
704.510513221282 -1.60092978151689E-05
705.510513218757 -1.59952104461859E-05
706.510513216232 -1.59684345885093E-05
707.510513213708 -1.59314078573855E-05
708.510513211183 -1.58820565739033E-05
709.510513208658 -1.58274357955648E-05
710.510513206133 -1.57762875764266E-05
711.510513203609 -1.57302420479911E-05
712.510513201084 -1.56838515382376E-05
713.510513198559 -1.56466693759705E-05
714.510513196034 -1.56246019446332E-05
715.51051319351 -1.56029401506696E-05
716.510513190985 -1.55812556106852E-05
717.51051318846 -1.55645410762811E-05
718.510513185935 -1.55500897709627E-05
719.510513183411 -1.55534182720303E-05
720.510513180886 -1.55607955648292E-05
721.510513178361 -1.55682865877329E-05
722.510513175836 -1.55790340826378E-05
723.510513173312 -1.5588670813519E-05
724.510513170787 -1.56024245741945E-05
725.510513168262 -1.5616132842828E-05
726.510513165737 -1.56228542920225E-05
727.510513163213 -1.56691348626747E-05
728.510513160688 -1.56886850676922E-05
729.510513158163 -1.57082087356852E-05
730.510513155638 -1.57315802722244E-05
731.510513153113 -1.57637545188762E-05
732.510513150589 -1.58137123629173E-05
733.510513148064 -1.58652662194293E-05
734.510513145539 -1.59116908482143E-05
735.510513143014 -1.59604924361898E-05
736.51051314049 -1.60051504573467E-05
737.510513137965 -1.6041267347632E-05
738.51051313544 -1.60718872828513E-05
739.510513132915 -1.60959487820264E-05
740.510513130391 -1.61204614106172E-05
741.510513127866 -1.61515097292314E-05
742.510513125341 -1.61783500339674E-05
743.510513122816 -1.6197494601611E-05
744.510513120292 -1.62125979595303E-05
745.510513117767 -1.6214569281347E-05
746.510513115242 -1.62062290736607E-05
747.510513112717 -1.61862694402659E-05
748.510513110193 -1.6165172505823E-05
749.510513107668 -1.61451825444002E-05
750.510513105143 -1.61185469538529E-05
751.510513102618 -1.60729677188471E-05
752.510513100094 -1.60238666415955E-05
753.510513097569 -1.59758005082978E-05
754.510513095044 -1.59299217840159E-05
755.510513092519 -1.58739286624127E-05
756.510513089995 -1.5815706430755E-05
757.51051308747 -1.57475176509123E-05
758.510513084945 -1.56987767189926E-05
759.51051308242 -1.5686971534113E-05
760.510513079896 -1.56974650317838E-05
761.510513077371 -1.57074656990004E-05
762.510513074846 -1.57310192037073E-05
763.510513072321 -1.57769017189926E-05
764.510513069797 -1.58243726647418E-05
765.510513067272 -1.58751910665761E-05
766.510513064747 -1.59288072289887E-05
767.510513062222 -1.59730861497962E-05
768.510513059697 -1.6012876522467E-05
769.510513057173 -1.60503354279891E-05
770.510513054648 -1.60888671875E-05
771.510513052123 -1.61128187475738E-05
772.510513049598 -1.61230127559686E-05
773.510513047074 -1.61178304541925E-05
774.510513044549 -1.61202301594041E-05
775.510513042024 -1.61148469344429E-05
776.510513039499 -1.60994289232337E-05
777.510513036975 -1.60773766559103E-05
778.51051303445 -1.6044637549738E-05
779.510513031925 -1.60014731839577E-05
780.5105130294 -1.59777794121215E-05
781.510513026876 -1.59640029054251E-05
782.510513024351 -1.59313699473505E-05
783.510513021826 -1.58877468701475E-05
784.510513019301 -1.58530478151689E-05
785.510513016777 -1.58280461471273E-05
786.510513014252 -1.57982488596662E-05
787.510513011727 -1.57852950007279E-05
788.510513009202 -1.57757265079096E-05
789.510513006678 -1.5762916707104E-05
790.510513004153 -1.57618476441188E-05
791.510513001628 -1.57765681106852E-05
792.510512999103 -1.58037571877426E-05
793.510512996579 -1.58519825431871E-05
794.510512994054 -1.59067132606269E-05
795.510512991529 -1.59531909634608E-05
796.510512989004 -1.59906688240004E-05
797.51051298648 -1.60088049847147E-05
798.510512983955 -1.60072051812403E-05
799.51051298143 -1.59802663104134E-05
800.510512978905 -1.59297777258832E-05
801.51051297638 -1.585268008783E-05
802.510512973856 -1.57759729231366E-05
803.510512971331 -1.56929044545807E-05
804.510512968806 -1.56014957783385E-05
805.510512966281 -1.55073954896157E-05
806.510512963757 -1.54135984811724E-05
807.510512961232 -1.53276261039402E-05
808.510512958707 -1.52495200589577E-05
809.510512956182 -1.51803304541925E-05
810.510512953658 -1.51425606863839E-05
811.510512951133 -1.51309412606755E-05
812.510512948608 -1.51434629452155E-05
813.510512946083 -1.5191051412073E-05
814.510512943559 -1.525422090329E-05
815.510512941034 -1.5344245863257E-05
816.510512938509 -1.54271323636452E-05
817.510512935984 -1.55141283118206E-05
818.51051293346 -1.56044110600252E-05
819.510512930935 -1.56926656213606E-05
820.51051292841 -1.57611842185074E-05
821.510512925885 -1.58177573636452E-05
822.510512923361 -1.58763397406347E-05
823.510512920836 -1.59238523874224E-05
824.510512918311 -1.59775102508734E-05
825.510512915786 -1.60081263950893E-05
826.510512913262 -1.60257090692935E-05
827.510512910737 -1.60189610830745E-05
828.510512908212 -1.59948123908191E-05
829.510512905687 -1.594513887204E-05
830.510512903163 -1.58815978624806E-05
831.510512900638 -1.57989653593265E-05
832.510512898113 -1.57255449946623E-05
833.510512895588 -1.56433863669449E-05
834.510512893063 -1.55653409780182E-05
835.510512890539 -1.54886489773389E-05
836.510512888014 -1.54075404575893E-05
837.510512885489 -1.53293320555124E-05
838.510512882964 -1.52342840159161E-05
839.51051288044 -1.51337011112189E-05
840.510512877915 -1.50287888805318E-05
841.51051287539 -1.49929070324631E-05
842.510512872865 -1.49682162267081E-05
843.510512870341 -1.49640916149068E-05
844.510512867816 -1.49883881562985E-05
845.510512865291 -1.50439945955454E-05
846.510512862766 -1.51305659513296E-05
847.510512860242 -1.52088046814344E-05
848.510512857717 -1.52927754088218E-05
849.510512855192 -1.53789904102776E-05
850.510512852667 -1.54774427710113E-05
851.510512850143 -1.55812063276397E-05
852.510512847618 -1.56974877778047E-05
853.510512845093 -1.58072487019604E-05
854.510512842568 -1.59017129270186E-05
855.510512840044 -1.59916696489227E-05
856.510512837519 -1.60778922323855E-05
857.510512834994 -1.61353828003688E-05
858.510512832469 -1.61825163468071E-05
859.510512829945 -1.62052472037558E-05
860.51051282742 -1.62129618958657E-05
861.510512824895 -1.62289030655571E-05
862.51051282237 -1.62536090353261E-05
863.510512819846 -1.63196786442158E-05
864.510512817321 -1.63470913904794E-05
865.510512814796 -1.63702885408579E-05
866.510512812271 -1.64005862407803E-05
867.510512809747 -1.64380641013199E-05
868.510512807222 -1.64643319645283E-05
869.510512804697 -1.64608214952931E-05
870.510512802172 -1.64634562427213E-05
871.510512799647 -1.64731308836374E-05
872.510512797123 -1.6484981560559E-05
873.510512794598 -1.64915741156347E-05
874.510512792073 -1.64937994346856E-05
875.510512789548 -1.64858117903241E-05
876.510512787024 -1.64569243437015E-05
877.510512784499 -1.64432084930609E-05
878.510512781974 -1.64369950383346E-05
879.510512779449 -1.64316952154503E-05
880.510512776925 -1.64344816030182E-05
881.5105127744 -1.64319264666634E-05
882.510512771875 -1.64313843531638E-05
883.51051276935 -1.64306109884511E-05
884.510512766826 -1.64181537509705E-05
885.510512764301 -1.64061438519022E-05
886.510512761776 -1.63842356427116E-05
887.510512759251 -1.63625435207201E-05
888.510512756727 -1.63404495523583E-05
889.510512754202 -1.63223247646545E-05
890.510512751677 -1.62944002329193E-05
891.510512749152 -1.62463189356075E-05
892.510512746628 -1.61897912825116E-05
893.510512744103 -1.61164202008929E-05
894.510512741578 -1.60225549543867E-05
895.510512739053 -1.5918298567304E-05
896.510512736529 -1.5791030789014E-05
897.510512734004 -1.5660984205163E-05
898.510512731479 -1.55258538856269E-05
899.510512728954 -1.5393987620099E-05
900.51051272643 -1.52619469684103E-05
901.510512723905 -1.51271578391887E-05
902.51051272138 -1.50037455114519E-05
903.510512718855 -1.48874792253008E-05
904.51051271633 -1.47841705890916E-05
905.510512713806 -1.46912872124903E-05
906.510512711281 -1.46086130082977E-05
907.510512708756 -1.4537660586908E-05
908.510512706231 -1.44808751455745E-05
909.510512703707 -1.44392271811918E-05
910.510512701182 -1.44069467864422E-05
911.510512698657 -1.43700565314441E-05
912.510512696132 -1.43043508588897E-05
913.510512693608 -1.42285724900524E-05
914.510512691083 -1.41306925708463E-05
915.510512688558 -1.40343480080551E-05
916.510512686033 -1.39597562233113E-05
917.510512683509 -1.3874234975495E-05
918.510512680984 -1.37617596928377E-05
919.510512678459 -1.36774288201184E-05
920.510512675934 -1.36259166646448E-05
921.51051267341 -1.36044974949049E-05
922.510512670885 -1.36013092609666E-05
923.51051266836 -1.35976547335986E-05
924.510512665835 -1.35921464055221E-05
925.510512663311 -1.35691577603358E-05
926.510512660786 -1.35342539911685E-05
927.510512658261 -1.34942209942741E-05
928.510512655736 -1.35083121542605E-05
929.510512653212 -1.35094684103261E-05
930.510512650687 -1.35264710609957E-05
931.510512648162 -1.35446944147904E-05
932.510512645637 -1.35384127220012E-05
933.510512643113 -1.35314562305901E-05
934.510512640588 -1.35313652465062E-05
935.510512638063 -1.35353154721467E-05
936.510512635538 -1.35039904102776E-05
937.510512633013 -1.350034725592E-05
938.510512630489 -1.35117771314538E-05
939.510512627964 -1.35045476877912E-05
940.510512625439 -1.35398874223602E-05
941.510512622914 -1.36107981427116E-05
942.51051262039 -1.37066347110345E-05
943.510512617865 -1.37912916100543E-05
944.51051261534 -1.38506776797846E-05
945.510512612815 -1.38718428522904E-05
946.510512610291 -1.38457152562112E-05
947.510512607766 -1.37879100349379E-05
948.510512605241 -1.37402798670419E-05
949.510512602716 -1.36978964479814E-05
950.510512600192 -1.36773112990101E-05
951.510512597667 -1.36131637288917E-05
952.510512595142 -1.35589940799689E-05
953.510512592617 -1.34743295989422E-05
954.510512590093 -1.33452193929542E-05
955.510512587568 -1.3208913862335E-05
956.510512585043 -1.30549043453998E-05
957.510512582518 -1.28706729486122E-05
958.510512579994 -1.27272024213898E-05
959.510512577469 -1.26502071404309E-05
960.510512574944 -1.2611061238354E-05
961.510512572419 -1.2631236958948E-05
962.510512569895 -1.27195445943323E-05
963.51051256737 -1.28206620305221E-05
964.510512564845 -1.29537376261646E-05
965.51051256232 -1.3116155588849E-05
966.510512559796 -1.33021915032997E-05
967.510512557271 -1.3476270592731E-05
968.510512554746 -1.3628536248059E-05
969.510512552221 -1.38075550150427E-05
970.510512549697 -1.39784534525427E-05
971.510512547172 -1.41314773085695E-05
972.510512544647 -1.42840083341421E-05
973.510512542122 -1.44242451353843E-05
974.510512539597 -1.45580182756696E-05
975.510512537073 -1.46620585755532E-05
976.510512534548 -1.47216834785035E-05
977.510512532023 -1.47554537376262E-05
978.510512529498 -1.47755384741363E-05
979.510512526974 -1.47864300271739E-05
980.510512524449 -1.48173987347147E-05
981.510512521924 -1.48197491568808E-05
982.510512519399 -1.48018290833657E-05
983.510512516875 -1.48220730420225E-05
984.51051251435 -1.48384956691576E-05
985.510512511825 -1.48140740246506E-05
986.5105125093 -1.47666409889363E-05
987.510512506776 -1.47057726368401E-05
988.510512504251 -1.46447336895866E-05
989.510512501726 -1.45776405097535E-05
990.510512499201 -1.45094934309491E-05
991.510512496677 -1.4451290154309E-05
992.510512494152 -1.43776006283967E-05
993.510512491627 -1.43465712648001E-05
994.510512489102 -1.43423291318905E-05
995.510512486578 -1.43756330975835E-05
996.510512484053 -1.44340107603843E-05
997.510512481528 -1.4517515194342E-05
998.510512479003 -1.45866024420128E-05
999.510512476479 -1.46735301521254E-05
1000.51051247395 -1.47795645198467E-05
1001.51051247143 -1.48855230674981E-05
1002.5105124689 -1.49992872913432E-05
1003.51051246638 -1.51282534391984E-05
1004.51051246385 -1.52623298597632E-05
1005.51051246133 -1.54057776409647E-05
1006.51051245881 -1.55182870426533E-05
1007.51051245628 -1.55946719720497E-05
1008.51051245376 -1.56640018439441E-05
1009.51051245123 -1.57248853600544E-05
1010.51051244871 -1.58056678535035E-05
1011.51051244618 -1.58716540603164E-05
1012.51051244366 -1.59157168939247E-05
1013.51051244113 -1.59428680609472E-05
1014.51051243861 -1.59616828112869E-05
1015.51051243608 -1.59891145125679E-05
1016.51051243356 -1.60109431106852E-05
1017.51051243103 -1.6046741556677E-05
1018.51051242851 -1.60669286502814E-05
1019.51051242598 -1.6083055579144E-05
1020.51051242346 -1.60901409646739E-05
1021.51051242093 -1.61157264472535E-05
1022.51051241841 -1.61479006939053E-05
1023.51051241588 -1.61679664753979E-05
1024.51051241336 -1.61880057198661E-05
1025.51051241083 -1.62057968992624E-05
1026.51051240831 -1.62151113948467E-05
1027.51051240579 -1.62236411527077E-05
1028.51051240326 -1.62382175611413E-05
1029.51051240074 -1.62480893342391E-05
1030.51051239821 -1.62652095060171E-05
1031.51051239569 -1.62858704750582E-05
1032.51051239316 -1.63192199327931E-05
1033.51051239064 -1.63528840438179E-05
1034.51051238811 -1.63790836689635E-05
1035.51051238559 -1.64084942740683E-05
1036.51051238306 -1.64414191394119E-05
1037.51051238054 -1.64763418635967E-05
1038.51051237801 -1.65068783967391E-05
1039.51051237549 -1.65291391692547E-05
1040.51051237296 -1.6537471794934E-05
1041.51051237044 -1.65455276773583E-05
1042.51051236791 -1.65749307004561E-05
1043.51051236539 -1.65921456473214E-05
1044.51051236286 -1.66011341166052E-05
1045.51051236034 -1.65899885663335E-05
1046.51051235782 -1.65638799252717E-05
1047.51051235529 -1.6539306640625E-05
1048.51051235277 -1.65103812839674E-05
1049.51051235024 -1.64817971176242E-05
1050.51051234772 -1.64584824461374E-05
1051.51051234519 -1.64330410216906E-05
1052.51051234267 -1.64172628651495E-05
1053.51051234014 -1.64073797190411E-05
1054.51051233762 -1.6402273237335E-05
1055.51051233509 -1.63977771071914E-05
1056.51051233257 -1.63884133285617E-05
1057.51051233004 -1.63846223250679E-05
1058.51051232752 -1.63738596661491E-05
1059.51051232499 -1.63660729449728E-05
1060.51051232247 -1.63776241326184E-05
1061.51051231994 -1.64056813494759E-05
1062.51051231742 -1.64545928765528E-05
1063.51051231489 -1.65118256562985E-05
1064.51051231237 -1.65847304444876E-05
1065.51051230984 -1.66490827287946E-05
1066.51051230732 -1.67094809964577E-05
1067.5105123048 -1.67708459700116E-05
1068.51051230227 -1.68330752923622E-05
1069.51051229975 -1.6891760026446E-05
1070.51051229722 -1.69458917653338E-05
1071.5105122947 -1.70159381368886E-05
1072.51051229217 -1.7088592718847E-05
1073.51051228965 -1.71487711083075E-05
1074.51051228712 -1.72119102714965E-05
1075.5105122846 -1.72743291440217E-05
1076.51051228207 -1.73291394725349E-05
1077.51051227955 -1.73677053510772E-05
1078.51051227702 -1.74033294109084E-05
1079.5105122745 -1.7407518469769E-05
1080.51051227197 -1.74103806774068E-05
1081.51051226945 -1.74003155631308E-05
1082.51051226692 -1.74038032863451E-05
1083.5105122644 -1.7406934655231E-05
1084.51051226187 -1.74074578137131E-05
1085.51051225935 -1.74043605638587E-05
1086.51051225682 -1.74075374247865E-05
1087.5105122543 -1.74096035216906E-05
1088.51051225178 -1.74135840753591E-05
1089.51051224925 -1.74263559661297E-05
1090.51051224673 -1.74458947981366E-05
1091.5105122442 -1.74667832273874E-05
1092.51051224168 -1.75020130228552E-05
1093.51051223915 -1.75507425817644E-05
1094.51051223663 -1.75986798209433E-05
1095.5105122341 -1.76491039584142E-05
1096.51051223158 -1.77091117527174E-05
1097.51051222905 -1.77745710100446E-05
1098.51051222653 -1.78382750327543E-05
1099.510512224 -1.78971872270477E-05
1100.51051222148 -1.79491277659161E-05
1101.51051221895 -1.79759036235928E-05
1102.51051221643 -1.80087905789014E-05
1103.5105122139 -1.80286440641984E-05
1104.51051221138 -1.80593132824631E-05
1105.51051220885 -1.8076471364276E-05
