Title: Title
Label: 0.1mM
6.53106398351065 -4.96065544934006E-05
7.53106398098589 -4.85711252911491E-05
8.53106397846113 -4.7401123046875E-05
9.53106397593638 -4.61214091614907E-05
10.5310639734116 -4.47658107591712E-05
11.5310639708869 -4.33314011852193E-05
12.5310639683621 -4.18003475592003E-05
13.5310639658373 -4.02428061917702E-05
14.5310639633126 -3.86878464977193E-05
15.5310639607878 -3.71947787267081E-05
16.5310639582631 -3.58059749247865E-05
17.5310639557383 -3.45572638659744E-05
18.5310639532136 -3.34776050259608E-05
19.5310639506888 -3.24595462017178E-05
20.531063948164 -3.15135998459336E-05
21.5310639456393 -3.06073566697399E-05
22.5310639431145 -2.97097835185365E-05
23.5310639405898 -2.88333490028144E-05
24.531063938065 -2.79910714285714E-05
25.5310639355403 -2.71877122961957E-05
26.5310639330155 -2.64248410811335E-05
27.5310639304907 -2.56976773279794E-05
28.531063927966 -2.50180982506794E-05
29.5310639254412 -2.43715198587927E-05
30.5310639229165 -2.37658160665761E-05
31.5310639203917 -2.32011650511937E-05
32.531063917867 -2.26778473469041E-05
33.5310639153422 -2.21680407790664E-05
34.5310639128174 -2.16722078501068E-05
35.5310639102927 -2.1226507151349E-05
36.5310639077679 -2.08214081000097E-05
37.5310639052432 -2.04796680900621E-05
38.5310639027184 -2.01689839807356E-05
39.5310639001937 -1.98762237359278E-05
40.5310638976689 -1.96005684988839E-05
41.5310638951441 -1.9359430348651E-05
42.5310638926194 -1.9148570943323E-05
43.5310638900946 -1.89497896751262E-05
44.5310638875699 -1.87528773716518E-05
45.5310638850451 -1.85764023680124E-05
46.5310638825204 -1.84125703610248E-05
47.5310638799956 -1.82645051375679E-05
48.5310638774708 -1.81350385772516E-05
49.5310638749461 -1.80032026397515E-05
50.5310638724213 -1.78588146896836E-05
51.5310638698966 -1.77186347534938E-05
52.5310638673718 -1.75799257266595E-05
53.5310638648471 -1.74427293102193E-05
54.5310638623223 -1.7319957662073E-05
55.5310638597975 -1.71884742878979E-05
56.5310638572728 -1.70419861218944E-05
57.531063854748 -1.68851257703319E-05
58.5310638522233 -1.67439412182162E-05
59.5310638496985 -1.66089132557745E-05
60.5310638471738 -1.64643736655668E-05
61.531063844649 -1.63298461155862E-05
62.5310638421242 -1.62005766874515E-05
63.5310638395995 -1.60756820773486E-05
64.5310638370747 -1.59470002547554E-05
65.53106383455 -1.58213929359957E-05
66.5310638320252 -1.56985113487481E-05
67.5310638295005 -1.55949600883152E-05
68.5310638269757 -1.54994116362578E-05
69.5310638244509 -1.5418079447302E-05
70.5310638219262 -1.53380210355202E-05
71.5310638194014 -1.5253599178717E-05
72.5310638168767 -1.51697573454484E-05
73.5310638143519 -1.50848995232434E-05
74.5310638118272 -1.49847791209724E-05
75.5310638093024 -1.48680958244371E-05
76.5310638067776 -1.47303345484763E-05
77.5310638042529 -1.45704565581328E-05
78.5310638017281 -1.43958656832298E-05
79.5310637992034 -1.42169568553474E-05
80.5310637966786 -1.40360387956134E-05
81.5310637941539 -1.38435468022127E-05
82.5310637916291 -1.36429193153144E-05
83.5310637891043 -1.34378639363354E-05
84.5310637865796 -1.3225112820264E-05
85.5310637840548 -1.30182453416149E-05
86.5310637815301 -1.2818595933618E-05
87.5310637790053 -1.26217973602484E-05
88.5310637764806 -1.24386956825019E-05
89.5310637739558 -1.22628196574146E-05
90.531063771431 -1.20818257776106E-05
91.5310637689063 -1.19169436626553E-05
92.5310637663815 -1.17722221042799E-05
93.5310637638568 -1.16436995038335E-05
94.531063761332 -1.15199611497962E-05
95.5310637588073 -1.1397413170856E-05
96.5310637562825 -1.1270444881842E-05
97.5310637537577 -1.1143484174835E-05
98.531063751233 -1.10203334263393E-05
99.5310637487082 -1.09111373617042E-05
100.531063746183 -1.08061568929542E-05
101.531063743659 -1.07155291634317E-05
102.531063741134 -1.06309746215062E-05
103.531063738609 -1.05476597377232E-05
104.531063736084 -1.0472404527368E-05
105.53106373356 -1.0408328986316E-05
106.531063731035 -1.03572414232337E-05
107.53106372851 -1.03412168514654E-05
108.531063725985 -1.03587843616557E-05
109.531063723461 -1.04027145101417E-05
110.531063720936 -1.0452551042071E-05
111.531063718411 -1.04760097716906E-05
112.531063715886 -1.0488573157269E-05
113.531063713362 -1.04946728818905E-05
114.531063710837 -1.04910600555609E-05
115.531063708312 -1.04676733550078E-05
116.531063705787 -1.04091061420322E-05
117.531063703263 -1.03239753675757E-05
118.531063700738 -1.02241658275912E-05
119.531063698213 -1.01240188882958E-05
120.531063695688 -1.00017173245827E-05
121.531063693164 -9.87668623835403E-06
122.531063690639 -9.74522181919643E-06
123.531063688114 -9.57947156444099E-06
124.531063685589 -9.38834812330163E-06
125.531063683065 -9.19151163989713E-06
126.53106368054 -9.00527101125776E-06
127.531063678015 -8.8340465474573E-06
128.53106367549 -8.69431394967974E-06
129.531063672966 -8.60229871287849E-06
130.531063670441 -8.54135833171584E-06
131.531063667916 -8.49720072302019E-06
132.531063665391 -8.44935825892857E-06
133.531063662866 -8.40209581837151E-06
134.531063660342 -8.37649138077446E-06
135.531063657817 -8.36733610733695E-06
136.531063655292 -8.37041061117042E-06
137.531063652767 -8.37821628736413E-06
138.531063650243 -8.39360776154891E-06
139.531063647718 -8.42076271957492E-06
140.531063645193 -8.46742618157997E-06
141.531063642668 -8.52554226513975E-06
142.531063640144 -8.57130346831328E-06
143.531063637619 -8.62107176217974E-06
144.531063635094 -8.64992888077446E-06
145.531063632569 -8.64426133055124E-06
146.531063630045 -8.63779766959433E-06
147.53106362752 -8.63273288892663E-06
148.531063624995 -8.62699330963703E-06
149.53106362247 -8.6197487019604E-06
150.531063619946 -8.61257233234666E-06
151.531063617421 -8.60290906444099E-06
152.531063614896 -8.5982082201087E-06
153.531063612371 -8.59858352945458E-06
154.531063609847 -8.60003169278921E-06
155.531063607322 -8.60174901737189E-06
156.531063604797 -8.60964188664596E-06
157.531063602272 -8.62153805560947E-06
158.531063599748 -8.63556855953998E-06
159.531063597223 -8.64653972365101E-06
160.531063594698 -8.65778384001359E-06
161.531063592173 -8.6652824449243E-06
162.531063589649 -8.67372880070846E-06
163.531063587124 -8.67728476198564E-06
164.531063584599 -8.68085967828028E-06
165.531063582074 -8.68204247137034E-06
166.531063579549 -8.6805450249903E-06
167.531063577025 -8.68138283676242E-06
168.5310635745 -8.68730438421972E-06
169.531063571975 -8.69962135457104E-06
170.53106356945 -8.71383382666925E-06
171.531063566926 -8.73204201644992E-06
172.531063564401 -8.75132306021933E-06
173.531063561876 -8.77456949364325E-06
174.531063559351 -8.80294136379076E-06
175.531063556827 -8.83444081182065E-06
176.531063554302 -8.8692649699146E-06
177.531063551777 -8.90506341590645E-06
178.531063549252 -8.9349365234375E-06
179.531063546728 -8.95873265236801E-06
180.531063544203 -8.97610303037655E-06
181.531063541678 -8.98613023461762E-06
182.531063539153 -8.99097513708268E-06
183.531063536629 -8.99063773777174E-06
184.531063534104 -8.993833553717E-06
185.531063531579 -8.99934188179348E-06
186.531063529054 -9.00910371578998E-06
187.53106352653 -9.01595785010676E-06
188.531063524005 -9.03061007861025E-06
189.53106352148 -9.05088057429154E-06
190.531063518955 -9.07665560704581E-06
191.531063516431 -9.1037006259705E-06
192.531063513906 -9.1297561929833E-06
193.531063511381 -9.15652446865295E-06
194.531063508856 -9.18247009656444E-06
195.531063506332 -9.20657708778144E-06
196.531063503807 -9.22919042362189E-06
197.531063501282 -9.24942300926824E-06
198.531063498757 -9.26497749660326E-06
199.531063496232 -9.27237753542314E-06
200.531063493708 -9.27505777489324E-06
201.531063491183 -9.27854170710403E-06
202.531063488658 -9.28257533482143E-06
203.531063486133 -9.2835723687403E-06
204.531063483609 -9.28174510505629E-06
205.531063481084 -9.28199531128688E-06
206.531063478559 -9.28443292653338E-06
207.531063476034 -9.27820809879658E-06
208.53106347351 -9.26183096370342E-06
209.531063470985 -9.23687478770381E-06
210.53106346846 -9.21136891619759E-06
211.531063465935 -9.17940317473797E-06
212.531063463411 -9.14325595642469E-06
213.531063460886 -9.10313197544643E-06
214.531063458361 -9.06315205260093E-06
215.531063455836 -9.02108707783385E-06
216.531063453312 -8.9780250691479E-06
217.531063450787 -8.93608519749612E-06
218.531063448262 -8.90413082904697E-06
219.531063445737 -8.88284813543284E-06
220.531063443213 -8.86189525912267E-06
221.531063440688 -8.84074904163431E-06
222.531063438163 -8.82044063591809E-06
223.531063435638 -8.80509086277174E-06
224.531063433114 -8.79383916440217E-06
225.531063430589 -8.78018017881405E-06
226.531063428064 -8.7650730298913E-06
227.531063425539 -8.75111834603067E-06
228.531063423015 -8.72630243716032E-06
229.53106342049 -8.69164129221662E-06
230.531063417965 -8.64846176242236E-06
231.53106341544 -8.59280224912656E-06
232.531063412916 -8.53611158288043E-06
233.531063410391 -8.47590286539208E-06
234.531063407866 -8.4122329617139E-06
235.531063405341 -8.35043960476514E-06
236.531063402816 -8.28675832807648E-06
237.531063400292 -8.22094271642081E-06
238.531063397767 -8.15713254561335E-06
239.531063395242 -8.10051011743012E-06
240.531063392717 -8.05244777513587E-06
241.531063390193 -8.00254679614713E-06
242.531063387668 -7.94588645792896E-06
243.531063385143 -7.89501498204581E-06
244.531063382618 -7.8531509304639E-06
245.531063380094 -7.81542665469721E-06
246.531063377569 -7.77702758030862E-06
247.531063375044 -7.73923127547555E-06
248.531063372519 -7.70254952566964E-06
249.531063369995 -7.66744104231366E-06
250.53106336747 -7.63422047869759E-06
251.531063364945 -7.60639830405668E-06
252.53106336242 -7.57736300829775E-06
253.531063359896 -7.55043930148486E-06
254.531063357371 -7.53400530133928E-06
255.531063354846 -7.51882612335016E-06
256.531063352321 -7.50330575504658E-06
257.531063349797 -7.48887340474573E-06
258.531063347272 -7.47031644264363E-06
259.531063344747 -7.44554602581522E-06
260.531063342222 -7.42125327542702E-06
261.531063339698 -7.39747231051048E-06
262.531063337173 -7.37854762106949E-06
263.531063334648 -7.35173006235442E-06
264.531063332123 -7.31871800393051E-06
265.531063329599 -7.28089516207298E-06
266.531063327074 -7.23929648073564E-06
267.531063324549 -7.18961158894604E-06
268.531063322024 -7.14184115392081E-06
269.531063319499 -7.09906726150039E-06
270.531063316975 -7.06230210961762E-06
271.53106331445 -7.0344230699243E-06
272.531063311925 -7.01677973966421E-06
273.5310633094 -7.00600570773486E-06
274.531063306876 -7.00692692158385E-06
275.531063304351 -7.01970260335792E-06
276.531063301826 -7.03960916270381E-06
277.531063299301 -7.06411420928765E-06
278.531063296777 -7.08608307453416E-06
279.531063294252 -7.11271108307453E-06
280.531063291727 -7.13461171025815E-06
281.531063289202 -7.14992736437306E-06
282.531063286678 -7.167362189441E-06
283.531063284153 -7.18201062694099E-06
284.531063281628 -7.18887992527174E-06
285.531063279103 -7.17935692449534E-06
286.531063276579 -7.16258931604231E-06
287.531063274054 -7.14173121481949E-06
288.531063271529 -7.12420161466421E-06
289.531063269004 -7.10678953561724E-06
290.53106326648 -7.09184919084821E-06
291.531063263955 -7.07828498034744E-06
292.53106326143 -7.06510366119953E-06
293.531063258905 -7.05325298427795E-06
294.531063256381 -7.04189513781056E-06
295.531063253856 -7.03934379245924E-06
296.531063251331 -7.03633752668866E-06
297.531063248806 -7.02695479304154E-06
298.531063246282 -7.01588127183618E-06
299.531063243757 -7.00009932429154E-06
300.531063241232 -6.97788783482143E-06
301.531063238707 -6.95335246020963E-06
302.531063236182 -6.92258088485054E-06
303.531063233658 -6.89069475446429E-06
304.531063231133 -6.86386961374223E-06
305.531063228608 -6.83656680657997E-06
306.531063226083 -6.8116485406153E-06
307.531063223559 -6.79353891692546E-06
308.531063221034 -6.77976241022904E-06
309.531063218509 -6.77448912436918E-06
310.531063215984 -6.77763944827252E-06
311.53106321346 -6.78718519506987E-06
312.531063210935 -6.8025501322302E-06
313.53106320841 -6.82480332273874E-06
314.531063205885 -6.84868664474961E-06
315.531063203361 -6.87479907681483E-06
316.531063200836 -6.90453191721661E-06
317.531063198311 -6.93675165591033E-06
318.531063195786 -6.95900105541537E-06
319.531063193262 -6.97654961058812E-06
320.531063190737 -6.99669879415761E-06
321.531063188212 -7.01152919982531E-06
322.531063185687 -7.02192413140528E-06
323.531063183163 -7.03095809273098E-06
324.531063180638 -7.03856284573952E-06
325.531063178113 -7.04774465620147E-06
326.531063175588 -7.06051654697205E-06
327.531063173064 -7.07056649723408E-06
328.531063170539 -7.07844041149068E-06
329.531063168014 -7.08468419424495E-06
330.531063165489 -7.0870384074146E-06
331.531063162965 -7.0852642177795E-06
332.53106316044 -7.07857688761646E-06
333.531063157915 -7.06774219963121E-06
334.53106315539 -7.05296486801242E-06
335.531063152866 -7.03567031007376E-06
336.531063150341 -7.01313658530668E-06
337.531063147816 -6.98717579338121E-06
338.531063145291 -6.96065772394216E-06
339.531063142766 -6.92999987868789E-06
340.531063140242 -6.89930412339868E-06
341.531063137717 -6.8663337660132E-06
342.531063135192 -6.83409886330551E-06
343.531063132667 -6.80183742357337E-06
344.531063130143 -6.76948879076087E-06
345.531063127618 -6.7410903835889E-06
346.531063125093 -6.71680521520769E-06
347.531063122568 -6.69759620050466E-06
348.531063120044 -6.6806617878979E-06
349.531063117519 -6.66181291852679E-06
350.531063114994 -6.64089037024457E-06
351.531063112469 -6.61894046001553E-06
352.531063109945 -6.59975798233696E-06
353.53106310742 -6.57717497452446E-06
354.531063104895 -6.56549868376359E-06
355.53106310237 -6.55812139096467E-06
356.531063099846 -6.5509033203125E-06
357.531063097321 -6.54527747112772E-06
358.531063094796 -6.54560728843168E-06
359.531063092271 -6.55178283312306E-06
360.531063089747 -6.55828061311141E-06
361.531063087222 -6.55974773146351E-06
362.531063084697 -6.56223083875194E-06
363.531063082172 -6.56759510869565E-06
364.531063079648 -6.57748583681095E-06
365.531063077123 -6.59127371651786E-06
366.531063074598 -6.60075880725932E-06
367.531063072073 -6.60779870074728E-06
368.531063069549 -6.6110855007764E-06
369.531063067024 -6.60953877135093E-06
370.531063064499 -6.60237377474767E-06
371.531063061974 -6.58687236146157E-06
372.531063059449 -6.56678762495147E-06
373.531063056925 -6.54414396108307E-06
374.5310630544 -6.52634899068323E-06
375.531063051875 -6.50742430124224E-06
376.53106304935 -6.49614227484472E-06
377.531063046826 -6.47706594526398E-06
378.531063044301 -6.45888808351126E-06
379.531063041776 -6.4443382121021E-06
380.531063039251 -6.43594493036685E-06
381.531063036727 -6.4271877122962E-06
382.531063034202 -6.41482145889946E-06
383.531063031677 -6.40515439999029E-06
384.531063029152 -6.40065447884317E-06
385.531063026628 -6.39919115149457E-06
386.531063024103 -6.39578683035714E-06
387.531063021578 -6.38962644967973E-06
388.531063019053 -6.37664226271351E-06
389.531063016529 -6.35986328125E-06
390.531063014004 -6.34272794545807E-06
391.531063011479 -6.3264152574243E-06
392.531063008954 -6.30731618182259E-06
393.53106300643 -6.28372097607725E-06
394.531063003905 -6.258237850592E-06
395.53106300138 -6.22868318735442E-06
396.531062998855 -6.19459069293478E-06
397.531062996331 -6.15474724621506E-06
398.531062993806 -6.11292110466809E-06
399.531062991281 -6.0697643208948E-06
400.531062988756 -6.03028481051048E-06
401.531062986232 -5.99076739009123E-06
402.531062983707 -5.9520271253882E-06
403.531062981182 -5.91434075965644E-06
404.531062978657 -5.88007387907609E-06
405.531062976132 -5.85094001722632E-06
406.531062973608 -5.82043002110831E-06
407.531062971083 -5.79428726101514E-06
408.531062968558 -5.77071101028727E-06
409.531062966033 -5.75313591809006E-06
410.531062963509 -5.7406635165955E-06
411.531062960984 -5.7310760687597E-06
412.531062958459 -5.72901376285908E-06
413.531062955934 -5.73018139193517E-06
414.53106295341 -5.72815699606949E-06
415.531062950885 -5.72412715935559E-06
416.53106294836 -5.71701523680124E-06
417.531062945835 -5.70616917580551E-06
418.531062943311 -5.6914638732531E-06
419.531062940786 -5.67611789111025E-06
420.531062938261 -5.65850488887811E-06
421.531062935736 -5.63748377450504E-06
422.531062933212 -5.6146884704969E-06
423.531062930687 -5.59332616580939E-06
424.531062928162 -5.57112984035326E-06
425.531062925637 -5.54943392735831E-06
426.531062923113 -5.529478084967E-06
427.531062920588 -5.51155801145186E-06
428.531062918063 -5.49464255386258E-06
429.531062915538 -5.48058172190411E-06
430.531062913014 -5.46794251625582E-06
431.531062910489 -5.46099360685171E-06
432.531062907964 -5.45682729401204E-06
433.531062905439 -5.4566642808618E-06
434.531062902915 -5.46163428644216E-06
435.53106290039 -5.46538737990101E-06
436.531062897865 -5.47171077372865E-06
437.53106289534 -5.48361073369565E-06
438.531062892816 -5.49691715595885E-06
439.531062890291 -5.50956773461762E-06
440.531062887766 -5.52105447520381E-06
441.531062885241 -5.53219623447205E-06
442.531062882716 -5.54036584700117E-06
443.531062880192 -5.54687120899651E-06
444.531062877667 -5.55341448102679E-06
445.531062875142 -5.5585929917993E-06
446.531062872617 -5.56075386379076E-06
447.531062870093 -5.5609775329969E-06
448.531062867568 -5.56220581812888E-06
449.531062865043 -5.56288440775427E-06
450.531062862518 -5.56156134753494E-06
451.531062859994 -5.55937014751553E-06
452.531062857469 -5.55849442570846E-06
453.531062854944 -5.56272518560753E-06
454.531062852419 -5.56447662922166E-06
455.531062849895 -5.56724027076863E-06
456.53106284737 -5.56918505556095E-06
457.531062844845 -5.56789232336956E-06
458.53106284232 -5.56993188324922E-06
459.531062839796 -5.57312769919449E-06
460.531062837271 -5.57487914280862E-06
461.531062834746 -5.57864740028144E-06
462.531062832221 -5.58440593458851E-06
463.531062829697 -5.58881866265528E-06
464.531062827172 -5.58815144604037E-06
465.531062824647 -5.58530061141304E-06
466.531062822122 -5.58091062936724E-06
467.531062819598 -5.57492463485054E-06
468.531062817073 -5.569154727533E-06
469.531062814548 -5.56229301120924E-06
470.531062812023 -5.5559051703222E-06
471.531062809499 -5.55208762980396E-06
472.531062806974 -5.54876291973991E-06
473.531062804449 -5.54837244638005E-06
474.531062801924 -5.55165545540567E-06
475.531062799399 -5.55818356342197E-06
476.531062796875 -5.56237262228261E-06
477.53106279435 -5.57162267080745E-06
478.531062791825 -5.57992875946235E-06
479.5310627893 -5.59201447860054E-06
480.531062786776 -5.60818689950505E-06
481.531062784251 -5.62785462563082E-06
482.531062781726 -5.64621824655474E-06
483.531062779201 -5.66372510068905E-06
484.531062776677 -5.67668275063082E-06
485.531062774152 -5.68564847389363E-06
486.531062771627 -5.69153211131599E-06
487.531062769102 -5.69727169060559E-06
488.531062766578 -5.69913307332104E-06
489.531062764053 -5.69546338193905E-06
490.531062761528 -5.69219553692741E-06
491.531062759003 -5.68587214309977E-06
492.531062756479 -5.68014393682065E-06
493.531062753954 -5.67658797554348E-06
494.531062751429 -5.6705943990198E-06
495.531062748904 -5.66358104255629E-06
496.53106274638 -5.65814853454969E-06
497.531062743855 -5.65285250266887E-06
498.53106274133 -5.64626752960015E-06
499.531062738805 -5.64226043890722E-06
500.531062736281 -5.63776430876359E-06
501.531062733756 -5.63748377450505E-06
502.531062731231 -5.6361682962927E-06
503.531062728706 -5.63590292604814E-06
504.531062726182 -5.62990934952445E-06
505.531062723657 -5.62167149893245E-06
506.531062721132 -5.61397197083657E-06
507.531062718607 -5.6072391486316E-06
508.531062716082 -5.60219711398486E-06
509.531062713558 -5.59922875824922E-06
510.531062711033 -5.59324276373253E-06
511.531062708508 -5.58693832492236E-06
512.531062705983 -5.58520962732919E-06
513.531062703459 -5.58291986121894E-06
514.531062700934 -5.58249526882764E-06
515.531062698409 -5.5845348287073E-06
516.531062695884 -5.58734396229619E-06
517.53106269336 -5.59089234156638E-06
518.531062690835 -5.59566521496506E-06
519.53106268831 -5.60134792920225E-06
520.531062685785 -5.60708750849185E-06
521.531062683261 -5.61016201232531E-06
522.531062680736 -5.6127323126941E-06
523.531062678211 -5.62753239033385E-06
524.531062675686 -5.64397397248641E-06
525.531062673162 -5.66035489858307E-06
526.531062670637 -5.67506778314247E-06
527.531062668112 -5.69044788431677E-06
528.531062665587 -5.70795094744759E-06
529.531062663063 -5.72681118982919E-06
530.531062660538 -5.74611877062306E-06
531.531062658013 -5.76337162752329E-06
532.531062655488 -5.77626862140916E-06
533.531062652964 -5.79153499247865E-06
534.531062650439 -5.80459879051824E-06
535.531062647914 -5.80983037533967E-06
536.531062645389 -5.82259468410326E-06
537.531062642865 -5.83596934442935E-06
538.53106264034 -5.84711110369759E-06
539.531062637815 -5.85630428717003E-06
540.53106263529 -5.8615699910229E-06
541.531062632766 -5.86496673015334E-06
542.531062630241 -5.86151691697399E-06
543.531062627716 -5.85245641862384E-06
544.531062625191 -5.85672129755435E-06
545.531062622666 -5.86386354813665E-06
546.531062620142 -5.86204765746312E-06
547.531062617617 -5.85600479789402E-06
548.531062615092 -5.84553025524068E-06
549.531062612567 -5.82937678935365E-06
550.531062610043 -5.81487620098991E-06
551.531062607518 -5.79979179808812E-06
552.531062604993 -5.7838127183618E-06
553.531062602468 -5.77110527465062E-06
554.531062599944 -5.75895131744953E-06
555.531062597419 -5.75522097001165E-06
556.531062594894 -5.74644858792702E-06
557.531062592369 -5.73841166052019E-06
558.531062589845 -5.74166813252135E-06
559.53106258732 -5.74075829168284E-06
560.531062584795 -5.74289641765334E-06
561.53106258227 -5.7465812730493E-06
562.531062579746 -5.7494510626941E-06
563.531062577221 -5.75063764678766E-06
564.531062574696 -5.75191521496506E-06
565.531062572171 -5.7542694281347E-06
566.531062569647 -5.75121008831522E-06
567.531062567122 -5.74533782390334E-06
568.531062564597 -5.7371833753882E-06
569.531062562072 -5.72183360224185E-06
570.531062559548 -5.701597225592E-06
571.531062557023 -5.6834724378882E-06
572.531062554498 -5.67080290421196E-06
573.531062551973 -5.6636985636646E-06
574.531062549449 -5.66409661903144E-06
575.531062546924 -5.67212975543478E-06
576.531062544399 -5.68295686141304E-06
577.531062541874 -5.69795786223797E-06
578.531062539349 -5.70846652392275E-06
579.531062536825 -5.72099579046972E-06
580.5310625343 -5.73706585427989E-06
581.531062531775 -5.75472055755047E-06
582.53106252925 -5.77348981584821E-06
583.531062526726 -5.78966602775621E-06
584.531062524201 -5.80227490537655E-06
585.531062521676 -5.8101222826087E-06
586.531062519151 -5.81552446258735E-06
587.531062516627 -5.81413316430512E-06
588.531062514102 -5.80737759607919E-06
589.531062511577 -5.80693783967391E-06
590.531062509052 -5.80149395865683E-06
591.531062506528 -5.79427588800466E-06
592.531062504003 -5.79067443468556E-06
593.531062501478 -5.79478009146933E-06
594.531062498953 -5.80635023413238E-06
595.531062496429 -5.82465699000388E-06
596.531062493904 -5.84486303862578E-06
597.531062491379 -5.86548609763199E-06
598.531062488854 -5.88687114834045E-06
599.53106248633 -5.90694072083657E-06
600.531062483805 -5.924072265625E-06
601.53106248128 -5.9470192097729E-06
602.531062478755 -5.97089115877329E-06
603.531062476231 -5.98903490149456E-06
604.531062473706 -6.00838418332686E-06
605.531062471181 -6.0245983052698E-06
606.531062468656 -6.04215065144604E-06
607.531062466132 -6.05881211180124E-06
608.531062463607 -6.08765406638199E-06
609.531062461082 -6.11763711301436E-06
610.531062458557 -6.14672169181871E-06
611.531062456032 -6.17296680900621E-06
612.531062453508 -6.19670607288432E-06
613.531062450983 -6.23243248980978E-06
614.531062448458 -6.26991414135287E-06
615.531062445933 -6.29409316163626E-06
616.531062443409 -6.29896081012228E-06
617.531062440884 -6.28660213873253E-06
618.531062438359 -6.25776776615877E-06
619.531062435834 -6.21669224330357E-06
620.53106243331 -6.16354237432065E-06
621.531062430785 -6.10218498277368E-06
622.53106242826 -6.03409097801824E-06
623.531062425735 -5.97371166537267E-06
624.531062423211 -5.91554629876747E-06
625.531062420686 -5.85933708996506E-06
626.531062418161 -5.79808963751941E-06
627.531062415636 -5.73180394143051E-06
628.531062413112 -5.66886949243012E-06
629.531062410587 -5.60832337563082E-06
630.531062408062 -5.55691357725155E-06
631.531062405537 -5.49762607361219E-06
632.531062403013 -5.43863805924884E-06
633.531062400488 -5.38377541488742E-06
634.531062397963 -5.33467357943517E-06
635.531062395438 -5.2951023267663E-06
636.531062392914 -5.2412731099573E-06
637.531062390389 -5.17673089637519E-06
638.531062387864 -5.10929955903047E-06
639.531062385339 -5.05432735466809E-06
640.531062382815 -5.0003646945361E-06
641.53106238029 -4.9551372646545E-06
642.531062377765 -4.91640230735637E-06
643.53106237524 -4.88395472935268E-06
644.531062372716 -4.85267326402368E-06
645.531062370191 -4.83082078258443E-06
646.531062367666 -4.81128763708269E-06
647.531062365141 -4.787841796875E-06
648.531062362616 -4.7559200310559E-06
649.531062360092 -4.7317201602533E-06
650.531062357567 -4.7119140625E-06
651.531062355042 -4.69385940836083E-06
652.531062352517 -4.68275404272612E-06
653.531062349993 -4.67532632958074E-06
654.531062347468 -4.67462006562985E-06
655.531062344943 -4.67411510396448E-06
656.531062342418 -4.68035395841421E-06
657.531062339894 -4.68936669012034E-06
658.531062337369 -4.6948833584045E-06
659.531062334844 -4.70368265661394E-06
660.531062332319 -4.71824655473602E-06
661.531062329795 -4.73484356803183E-06
662.53106232727 -4.74186261100058E-06
663.531062324745 -4.74668097644119E-06
664.53106232222 -4.74158890054833E-06
665.531062319696 -4.72905129379367E-06
666.531062317171 -4.71378075262034E-06
667.531062314646 -4.70315836083074E-06
668.531062312121 -4.68869644070264E-06
669.531062309597 -4.66432976574631E-06
670.531062307072 -4.63279961058812E-06
671.531062304547 -4.6010764933521E-06
672.531062302022 -4.56918770926339E-06
673.531062299498 -4.54032907426727E-06
674.531062296973 -4.52071631769216E-06
675.531062294448 -4.50533090911296E-06
676.531062291923 -4.49346013987286E-06
677.531062289399 -4.4863565575262E-06
678.531062286874 -4.48755603103164E-06
679.531062284349 -4.48947655340159E-06
680.531062281824 -4.49109796559588E-06
681.531062279299 -4.495999354013E-06
682.531062276775 -4.51067091663432E-06
683.53106227425 -4.53086597134608E-06
684.531062271725 -4.55620655509996E-06
685.5310622692 -4.58977892384025E-06
686.531062266676 -4.62664264181386E-06
687.531062264151 -4.66947302018634E-06
688.531062261626 -4.71332355759899E-06
689.531062259101 -4.75239401870633E-06
690.531062256577 -4.78151157924107E-06
691.531062254052 -4.79920115974379E-06
692.531062251527 -4.81917140794837E-06
693.531062249002 -4.84049997270477E-06
694.531062246478 -4.86268416694973E-06
695.531062243953 -4.88946002462636E-06
696.531062241428 -4.91530936104911E-06
697.531062238903 -4.93920216056871E-06
698.531062236379 -4.97027587890625E-06
699.531062233854 -4.99588865671099E-06
700.531062231329 -5.01229308702931E-06
701.531062228804 -5.00677073223991E-06
702.53106222628 -4.98087097547069E-06
703.531062223755 -4.9422899329144E-06
704.53106222123 -4.901123046875E-06
705.531062218705 -4.85621785229037E-06
706.531062216181 -4.80397327494177E-06
707.531062213656 -4.75272724791343E-06
708.531062211131 -4.69908492757667E-06
709.531062208606 -4.64561130689538E-06
710.531062206082 -4.59425647806677E-06
711.531062203557 -4.5469333814538E-06
712.531062201032 -4.50652014690897E-06
713.531062198507 -4.47210617539305E-06
714.531062195982 -4.45111463084724E-06
715.531062193458 -4.43898038686432E-06
716.531062190933 -4.4389633273486E-06
717.531062188408 -4.45169617078319E-06
718.531062185883 -4.47251105456619E-06
719.531062183359 -4.50224124126553E-06
720.531062180834 -4.53782056725543E-06
721.531062178309 -4.56154580442061E-06
722.531062175784 -4.57865081218459E-06
723.53106217326 -4.58384107506793E-06
724.531062170735 -4.58877961531929E-06
725.53106216821 -4.59583391462053E-06
726.531062165685 -4.60444555815703E-06
727.531062163161 -4.61257309054736E-06
728.531062160636 -4.61852686153435E-06
729.531062158111 -4.62868826729911E-06
730.531062155586 -4.63779160398874E-06
731.531062153062 -4.64594946440703E-06
732.531062150537 -4.65325472813956E-06
733.531062148012 -4.66322772103067E-06
734.531062145487 -4.67543551048137E-06
735.531062142963 -4.68809556664887E-06
736.531062140438 -4.70259767141401E-06
737.531062137913 -4.7170103084967E-06
738.531062135388 -4.73271340316867E-06
739.531062132864 -4.74991811432453E-06
740.531062130339 -4.76663530243109E-06
741.531062127814 -4.78114991750776E-06
742.531062125289 -4.79529794254658E-06
743.531062122765 -4.81194461798816E-06
744.53106212024 -4.83099933884899E-06
745.531062117715 -4.85056811978358E-06
746.53106211519 -4.86836346928377E-06
747.531062112666 -4.88613569366265E-06
748.531062110141 -4.90269403872283E-06
749.531062107616 -4.91804343276883E-06
750.531062105091 -4.93422495208172E-06
751.531062102566 -4.95427177855687E-06
752.531062100042 -4.97463022551921E-06
753.531062097517 -5.00351994674398E-06
754.531062094992 -5.03391355905473E-06
755.531062092467 -5.06413960901106E-06
756.531062089943 -5.09362300138296E-06
757.531062087418 -5.12010202348602E-06
758.531062084893 -5.14377835670613E-06
759.531062082368 -5.16218102496603E-06
760.531062079844 -5.1780077063519E-06
761.531062077319 -5.19125081885676E-06
762.531062074794 -5.20179852787752E-06
763.531062072269 -5.21022137944002E-06
764.531062069745 -5.21974513841712E-06
765.53106206722 -5.22937769919449E-06
766.531062064695 -5.23937874551145E-06
767.53106206217 -5.24493408203125E-06
768.531062059646 -5.24692777076863E-06
769.531062057121 -5.25181968167702E-06
770.531062054596 -5.25714679978649E-06
771.531062052071 -5.26309753797069E-06
772.531062049547 -5.27030992211762E-06
773.531062047022 -5.27926578877135E-06
774.531062044497 -5.29225490404212E-06
775.531062041972 -5.307278650888E-06
776.531062039448 -5.31532884680706E-06
777.531062036923 -5.31741238232725E-06
778.531062034398 -5.31708483962539E-06
779.531062031873 -5.31190177964868E-06
780.531062029349 -5.30439597183133E-06
781.531062026824 -5.29383537339868E-06
782.531062024299 -5.28374258479717E-06
783.531062021774 -5.27419153059491E-06
784.531062019249 -5.26486604110054E-06
785.531062016725 -5.25423303450116E-06
786.5310620142 -5.24250329059103E-06
787.531062011675 -5.22853078901397E-06
788.53106200915 -5.21364541379561E-06
789.531062006626 -5.19592323066285E-06
790.531062004101 -5.17872344781153E-06
791.531062001576 -5.16740389047942E-06
792.531061999051 -5.15333244371118E-06
793.531061996527 -5.13943993230784E-06
794.531061994002 -5.12645915724476E-06
795.531061991477 -5.11254996542605E-06
796.531061988952 -5.10076221916246E-06
797.531061986428 -5.08711460658482E-06
798.531061983903 -5.07332445227581E-06
799.531061981378 -5.05992856233016E-06
800.531061978853 -5.04847556167508E-06
801.531061976329 -5.04001745378008E-06
802.531061973804 -5.03532570785617E-06
803.531061971279 -5.03303632084627E-06
804.531061968754 -5.03164009425951E-06
805.53106196623 -5.0338134765625E-06
806.531061963705 -5.03672610454678E-06
807.53106196118 -5.04310333062403E-06
808.531061958655 -5.05273778690314E-06
809.531061956131 -5.06565297760578E-06
810.531061953606 -5.08149747670807E-06
811.531061951081 -5.09883752668866E-06
812.531061948556 -5.11613777113257E-06
813.531061946032 -5.13455446610539E-06
814.531061943507 -5.15053013392857E-06
815.531061940982 -5.1672655188519E-06
816.531061938457 -5.18224036175272E-06
817.531061935932 -5.19216141789596E-06
818.531061933408 -5.19755866957007E-06
819.531061930883 -5.19666437184588E-06
820.531061928358 -5.19205640709918E-06
821.531061925833 -5.18042826208269E-06
822.531061923309 -5.16520093834919E-06
823.531061920784 -5.14972644118789E-06
824.531061918259 -5.13032181070458E-06
825.531061915734 -5.10955317716421E-06
826.53106191321 -5.08856201171875E-06
827.531061910685 -5.07006115646836E-06
828.53106190816 -5.05083659865101E-06
829.531061905635 -5.03387830272224E-06
830.531061903111 -5.01790453040082E-06
831.531061900586 -5.00349909622477E-06
832.531061898061 -4.99345483246797E-06
833.531061895536 -4.98515935862287E-06
834.531061893012 -4.97901186735733E-06
835.531061890487 -4.97563787424786E-06
836.531061887962 -4.97561550732725E-06
837.531061885437 -4.97679261391207E-06
838.531061882913 -4.97706367066188E-06
839.531061880388 -4.97214673913044E-06
840.531061877863 -4.9634679948321E-06
841.531061875338 -4.95292407681483E-06
842.531061872814 -4.9406707953222E-06
843.531061870289 -4.92547152501456E-06
844.531061867764 -4.90988557235054E-06
845.531061865239 -4.89444784792314E-06
846.531061862715 -4.87848923961568E-06
847.53106186019 -4.86341052321914E-06
848.531061857665 -4.84752053207492E-06
849.53106185514 -4.8298616587005E-06
850.531061852615 -4.81155679833075E-06
851.531061850091 -4.79350820979717E-06
852.531061847566 -4.77808564938373E-06
853.531061845041 -4.7663251983453E-06
854.531061842516 -4.75784737723214E-06
855.531061839992 -4.75078890782706E-06
856.531061837467 -4.74659605796293E-06
857.531061834942 -4.74479760590548E-06
858.531061832417 -4.74534313130823E-06
859.531061829893 -4.74613393463703E-06
860.531061827368 -4.74429150693905E-06
861.531061824843 -4.73935410398874E-06
862.531061822318 -4.7346468149505E-06
863.531061819794 -4.73012376868206E-06
864.531061817269 -4.72443271423719E-06
865.531061814744 -4.71766842670322E-06
866.531061812219 -4.70821707589286E-06
867.531061809695 -4.69752341323758E-06
868.53106180717 -4.68723197605299E-06
869.531061804645 -4.67546242660617E-06
870.53106180212 -4.66279023922748E-06
871.531061799596 -4.64905922457298E-06
872.531061797071 -4.63552837490295E-06
873.531061794546 -4.62098077809589E-06
874.531061792021 -4.60604119152756E-06
875.531061789497 -4.5932010626941E-06
876.531061786972 -4.58187809345885E-06
877.531061784447 -4.56993984435656E-06
878.531061781922 -4.5650919090887E-06
879.531061779398 -4.56537206424689E-06
880.531061776873 -4.56773044752038E-06
881.531061774348 -4.57030984629755E-06
882.531061771823 -4.57359740452737E-06
883.531061769299 -4.57893058824243E-06
884.531061766774 -4.58524526276203E-06
885.531061764249 -4.59133892177795E-06
886.531061761724 -4.59677787449049E-06
887.531061759199 -4.60067616338315E-06
888.531061756675 -4.60216223675272E-06
889.53106175415 -4.60139721224767E-06
890.531061751625 -4.60212091481463E-06
891.5310617491 -4.60227482955648E-06
892.531061746576 -4.59915900378494E-06
893.531061744051 -4.59357713024068E-06
894.531061741526 -4.58570586968653E-06
895.531061739001 -4.57414785823467E-06
896.531061736477 -4.56142411320846E-06
897.531061733952 -4.54969361109763E-06
898.531061731427 -4.53781298524844E-06
899.531061728902 -4.52642101974961E-06
900.531061726378 -4.52245145999127E-06
901.531061723853 -4.52071214758831E-06
902.531061721328 -4.51818733926145E-06
903.531061718803 -4.51695829592877E-06
904.531061716279 -4.51920181179639E-06
905.531061713754 -4.52183845472632E-06
906.531061711229 -4.52366458110928E-06
907.531061708704 -4.52440875509511E-06
908.53106170618 -4.52541867842585E-06
909.531061703655 -4.52796774917508E-06
910.53106170113 -4.53213406201475E-06
911.531061698605 -4.53501408736898E-06
912.531061696081 -4.53778720642469E-06
913.531061693556 -4.5388475501019E-06
914.531061691031 -4.53858028435559E-06
915.531061688506 -4.53550198951863E-06
916.531061685982 -4.53264016098117E-06
917.531061683457 -4.53044327445652E-06
918.531061680932 -4.52902581825019E-06
919.531061678407 -4.52458579495827E-06
920.531061675882 -4.52104878869856E-06
921.531061673358 -4.51836437912461E-06
922.531061670833 -4.51893454605008E-06
923.531061668308 -4.52034025014557E-06
924.531061665783 -4.51997707201087E-06
925.531061663259 -4.51969350494953E-06
926.531061660734 -4.51896487407803E-06
927.531061658209 -4.51590629245924E-06
928.531061655684 -4.51223660107725E-06
929.53106165316 -4.50810478636937E-06
930.531061650635 -4.50601404794255E-06
931.53106164811 -4.50428231754658E-06
932.531061645585 -4.50121160471661E-06
933.531061643061 -4.49674807720303E-06
934.531061640536 -4.49607631138393E-06
935.531061638011 -4.49490640770575E-06
936.531061635486 -4.49335095897224E-06
937.531061632962 -4.49020783797554E-06
938.531061630437 -4.4861416076281E-06
939.531061627912 -4.47940954362383E-06
940.531061625387 -4.46918444900039E-06
941.531061622863 -4.45700016377135E-06
942.531061620338 -4.44650211689635E-06
943.531061617813 -4.43472839734569E-06
944.531061615288 -4.42282919557939E-06
945.531061612764 -4.4093301903387E-06
946.531061610239 -4.39648247949825E-06
947.531061607714 -4.38558751455745E-06
948.531061605189 -4.37359088400136E-06
949.531061602665 -4.36398258564635E-06
950.53106160014 -4.35663145077154E-06
951.531061597615 -4.35063673694682E-06
952.53106159509 -4.34739732446137E-06
953.531061592565 -4.34575392444682E-06
954.531061590041 -4.34665769967973E-06
955.531061587516 -4.35106208753882E-06
956.531061584991 -4.356413847171E-06
957.531061582466 -4.3596767638781E-06
958.531061579942 -4.36320997913431E-06
959.531061577417 -4.36499667908094E-06
960.531061574892 -4.36561385444973E-06
961.531061572367 -4.36534052309782E-06
962.531061569843 -4.36446859229425E-06
963.531061567318 -4.36421232045807E-06
964.531061564793 -4.36283959809297E-06
965.531061562268 -4.36050737274359E-06
966.531061559744 -4.35953687584918E-06
967.531061557219 -4.35935225397904E-06
968.531061554694 -4.36021356997283E-06
969.531061552169 -4.3607154988354E-06
970.531061549645 -4.36039781274262E-06
971.53106154712 -4.36148203974185E-06
972.531061544595 -4.36281950577445E-06
973.53106154207 -4.36228383698078E-06
974.531061539546 -4.36113175101902E-06
975.531061537021 -4.36060821343653E-06
976.531061534496 -4.35845075334821E-06
977.531061531971 -4.35634674640916E-06
978.531061529447 -4.35348150596856E-06
979.531061526922 -4.35155036878882E-06
980.531061524397 -4.34337089965062E-06
981.531061521872 -4.33328228115295E-06
982.531061519348 -4.32363721006405E-06
983.531061516823 -4.31439663904794E-06
984.531061514298 -4.30643970181483E-06
985.531061511773 -4.30011479158579E-06
986.531061509249 -4.29283265297457E-06
987.531061506724 -4.2898824940557E-06
988.531061504199 -4.28932483744177E-06
989.531061501674 -4.28961977751359E-06
990.531061499149 -4.29166388659744E-06
991.531061496625 -4.29332813713121E-06
992.5310614941 -4.29533357797943E-06
993.531061491575 -4.29901426327154E-06
994.53106148905 -4.30473564574437E-06
995.531061486526 -4.30926020841421E-06
996.531061484001 -4.31453008237092E-06
997.531061481476 -4.32142364312403E-06
998.531061478951 -4.32652026822108E-06
999.531061476427 -4.33104293538917E-06
1000.5310614739 -4.33335544752038E-06
1001.53106147138 -4.33330237347147E-06
1002.53106146885 -4.32871108914014E-06
1003.53106146633 -4.32706503542314E-06
1004.5310614638 -4.32644634365295E-06
1005.53106146128 -4.32538486267469E-06
1006.53106145875 -4.32308144895186E-06
1007.53106145623 -4.32137208547651E-06
1008.5310614537 -4.31867630289208E-06
1009.53106145118 -4.31768230177601E-06
1010.53106144865 -4.31337761730881E-06
1011.53106144613 -4.30870899650621E-06
1012.5310614436 -4.30303879258055E-06
1013.53106144108 -4.29758429675369E-06
1014.53106143856 -4.29339827069584E-06
1015.53106143603 -4.29092805281929E-06
1016.53106143351 -4.28818450359084E-06
1017.53106143098 -4.28397535241168E-06
1018.53106142846 -4.2797229837927E-06
1019.53106142593 -4.27833092730978E-06
1020.53106142341 -4.27526210998156E-06
1021.53106142088 -4.26982543187112E-06
1022.53106141836 -4.26507037618886E-06
1023.53106141583 -4.26169676217974E-06
1024.53106141331 -4.25755357446137E-06
1025.53106141078 -4.25261958341421E-06
1026.53106140826 -4.24665936772127E-06
1027.53106140573 -4.23767620584239E-06
1028.53106140321 -4.22775969890334E-06
1029.53106140068 -4.22057347268051E-06
1030.53106139816 -4.21009286442158E-06
1031.53106139563 -4.19760491981269E-06
1032.53106139311 -4.18358920079581E-06
1033.53106139058 -4.17013985770089E-06
1034.53106138806 -4.15715756623641E-06
1035.53106138554 -4.14652986704193E-06
1036.53106138301 -4.13707131332492E-06
1037.53106138049 -4.129945743158E-06
1038.53106137796 -4.12545454131891E-06
1039.53106137544 -4.12323718337539E-06
1040.53106137291 -4.12513837162752E-06
1041.53106137039 -4.13022589831619E-06
1042.53106136786 -4.13456583911588E-06
1043.53106136534 -4.14046009134802E-06
1044.53106136281 -4.14993722098214E-06
1045.53106136029 -4.16092582370924E-06
1046.53106135776 -4.17076044497283E-06
1047.53106135524 -4.18134871773098E-06
1048.53106135271 -4.19155789013975E-06
1049.53106135019 -4.2007764733356E-06
1050.53106134766 -4.21186591675563E-06
1051.53106134514 -4.22463742842585E-06
1052.53106134261 -4.23313913286102E-06
1053.53106134009 -4.23599072568905E-06
1054.53106133757 -4.24190961944391E-06
1055.53106133504 -4.24631590280474E-06
1056.53106133252 -4.24898893936821E-06
1057.53106132999 -4.25191597316576E-06
1058.53106132747 -4.25526759935462E-06
1059.53106132494 -4.25898126637713E-06
1060.53106132242 -4.26303574461374E-06
1061.53106131989 -4.26619175502232E-06
1062.53106131737 -4.26868661442158E-06
1063.53106131484 -4.27040924640916E-06
1064.53106131232 -4.27314786733307E-06
1065.53106130979 -4.27995006490198E-06
1066.53106130727 -4.28592696101029E-06
1067.53106130474 -4.29068277489325E-06
1068.53106130222 -4.29439492551436E-06
1069.53106129969 -4.29947524929639E-06
1070.53106129717 -4.30216193347244E-06
1071.53106129464 -4.30569590692935E-06
1072.53106129212 -4.30902440799689E-06
1073.53106128959 -4.31179373604911E-06
1074.53106128707 -4.31117883528241E-06
1075.53106128455 -4.30807931082589E-06
1076.53106128202 -4.3098106621215E-06
1077.5310612795 -4.30760429808812E-06
1078.53106127697 -4.30553403108016E-06
1079.53106127445 -4.3054820943323E-06
1080.53106127192 -4.30528799495342E-06
1081.5310612694 -4.30572926776009E-06
1082.53106126687 -4.30674904769992E-06
1083.53106126435 -4.30813124757376E-06
1084.53106126182 -4.31027543914984E-06
1085.5310612593 -4.31455851489713E-06
1086.53106125677 -4.32128944160035E-06
1087.53106125425 -4.32968613523874E-06
1088.53106125172 -4.33519484241557E-06
1089.5310612492 -4.34157623859666E-06
1090.53106124667 -4.3479580138781E-06
1091.53106124415 -4.35658595872962E-06
1092.53106124162 -4.36282557138005E-06
1093.5310612391 -4.37141143609278E-06
1094.53106123657 -4.3773500430658E-06
1095.53106123405 -4.38316127232143E-06
1096.53106123153 -4.38776772066673E-06
1097.531061229 -4.39253756126262E-06
1098.53106122648 -4.39716334372574E-06
1099.53106122395 -4.40077654915567E-06
1100.53106122143 -4.4037157141644E-06
1101.5310612189 -4.40603125909841E-06
1102.53106121638 -4.40731261827931E-06
1103.53106121385 -4.40817582977484E-06
1104.53106121133 -4.40821601441188E-06
1105.5310612088 -4.40752377717391E-06
