Title: Title
Label: 0.2mM
106.543590731003 -5.72694028088323E-05
107.543590728479 -5.71879953577898E-05
108.543590725954 -5.70951211879113E-05
109.543590723429 -5.69894445858877E-05
110.543590720904 -5.68691329051383E-05
111.54359071838 -5.67341804017185E-05
112.543590715855 -5.65875634236526E-05
113.54359071333 -5.64318651049229E-05
114.543590710805 -5.62712296195652E-05
115.54359070828 -5.61113918860683E-05
116.543590705756 -5.59588067853593E-05
117.543590703231 -5.5814116654567E-05
118.543590700706 -5.56782487304766E-05
119.543590698181 -5.55452673847608E-05
120.543590695657 -5.54086685026808E-05
121.543590693132 -5.52808908426266E-05
122.543590690607 -5.51307490518749E-05
123.543590688082 -5.49455736295723E-05
124.543590685558 -5.47302081981045E-05
125.543590683033 -5.4501268676551E-05
126.543590680508 -5.42820584126221E-05
127.543590677983 -5.40908173847293E-05
128.543590675459 -5.39520399064857E-05
129.543590672934 -5.38906857151365E-05
130.543590670409 -5.38818564515882E-05
131.543590667884 -5.39151380158968E-05
132.54359066536 -5.39830549102206E-05
133.543590662835 -5.40782278067631E-05
134.54359066031 -5.41973450752429E-05
135.543590657785 -5.43287496260856E-05
136.543590655261 -5.44679542897013E-05
137.543590652736 -5.46088890294569E-05
138.543590650211 -5.47414405639973E-05
139.543590647686 -5.48532843573756E-05
140.543590645162 -5.49386567713795E-05
141.543590642637 -5.49771508834357E-05
142.543590640112 -5.4963255460673E-05
143.543590637587 -5.48955807967023E-05
144.543590635063 -5.47512400618597E-05
145.543590632538 -5.45569407937026E-05
146.543590630013 -5.43377101797982E-05
147.543590627488 -5.41156643765461E-05
148.543590624963 -5.39120518764725E-05
149.543590622439 -5.37235523513228E-05
150.543590619914 -5.35585837982055E-05
151.543590617389 -5.34091252086463E-05
152.543590614864 -5.32476799912004E-05
153.54359061234 -5.30885316951787E-05
154.543590609815 -5.2928831980467E-05
155.54359060729 -5.27655664248932E-05
156.543590604765 -5.25990494684009E-05
157.543590602241 -5.24264357249045E-05
158.543590599716 -5.22525563442243E-05
159.543590597191 -5.20822562616481E-05
160.543590594666 -5.19146761830504E-05
161.543590592142 -5.17526539453325E-05
162.543590589617 -5.15924344856829E-05
163.543590587092 -5.14282697565964E-05
164.543590584567 -5.12708461209953E-05
165.543590582043 -5.11231587013974E-05
166.543590579518 -5.09874387905561E-05
167.543590576993 -5.08664305170175E-05
168.543590574468 -5.07545850496896E-05
169.543590571944 -5.06482703938789E-05
170.543590569419 -5.05389650630046E-05
171.543590566894 -5.04217044343831E-05
172.543590564369 -5.03094449763447E-05
173.543590561845 -5.02008033336621E-05
174.54359055932 -5.00943991707818E-05
175.543590556795 -4.99881043069633E-05
176.54359055427 -4.98777827081611E-05
177.543590551746 -4.97615586153866E-05
178.543590549221 -4.96402867932545E-05
179.543590546696 -4.95170656239969E-05
180.543590544171 -4.93961008567366E-05
181.543590541646 -4.92822170111405E-05
182.543590539122 -4.91682099169028E-05
183.543590536597 -4.90550051860928E-05
184.543590534072 -4.894044970925E-05
185.543590531547 -4.88272868600025E-05
186.543590529023 -4.87164783716259E-05
187.543590526498 -4.86035009205016E-05
188.543590523973 -4.84912824249945E-05
189.543590521448 -4.8384501902447E-05
190.543590518924 -4.82789806987441E-05
191.543590516399 -4.81780785127786E-05
192.543590513874 -4.80739118625232E-05
193.543590511349 -4.79717892360131E-05
194.543590508825 -4.78746127202734E-05
195.5435905063 -4.77771270982531E-05
196.543590503775 -4.76788808302548E-05
197.54359050125 -4.75818550192125E-05
198.543590498726 -4.74880436344962E-05
199.543590496201 -4.73979585436339E-05
200.543590493676 -4.73056958905181E-05
201.543590491151 -4.72157639496325E-05
202.543590488627 -4.71285395073373E-05
203.543590486102 -4.70427052801806E-05
204.543590483577 -4.69545511229983E-05
205.543590481052 -4.68650294310535E-05
206.543590478528 -4.67736826581238E-05
207.543590476003 -4.66827772499038E-05
208.543590473478 -4.65935801236564E-05
209.543590470953 -4.65037653264199E-05
210.543590468429 -4.64150643949372E-05
211.543590465904 -4.63296611605672E-05
212.543590463379 -4.62469263167301E-05
213.543590460854 -4.61665488042039E-05
214.54359045833 -4.60850798437195E-05
215.543590455805 -4.60102597782026E-05
216.54359045328 -4.59451842656143E-05
217.543590450755 -4.58878304527484E-05
218.54359044823 -4.58377393491905E-05
219.543590445706 -4.57901910078894E-05
220.543590443181 -4.57417831427053E-05
221.543590440656 -4.56904867297941E-05
222.543590438131 -4.56314301327312E-05
223.543590435607 -4.55716204388747E-05
224.543590433082 -4.55096546487064E-05
225.543590430557 -4.54467195268439E-05
226.543590428032 -4.53830450772438E-05
227.543590425508 -4.53143565906245E-05
228.543590422983 -4.52425919426333E-05
229.543590420458 -4.51704877454548E-05
230.543590417933 -4.50980271283028E-05
231.543590415409 -4.5025367852721E-05
232.543590412884 -4.49504758073715E-05
233.543590410359 -4.48770760060293E-05
234.543590407834 -4.48073149936466E-05
235.54359040531 -4.47411998434811E-05
236.543590402785 -4.46799733974617E-05
237.54359040026 -4.46220254309573E-05
238.543590397735 -4.45687649828335E-05
239.543590395211 -4.45230640254342E-05
240.543590392686 -4.44730448032412E-05
241.543590390161 -4.44033237030685E-05
242.543590387636 -4.43141717078151E-05
243.543590385112 -4.42144858759879E-05
244.543590382587 -4.41152107690285E-05
245.543590380062 -4.40344266508635E-05
246.543590377537 -4.39908687756383E-05
247.543590375013 -4.3999805254017E-05
248.543590372488 -4.40532104987808E-05
249.543590369963 -4.41351653969857E-05
250.543590367438 -4.42407565947575E-05
251.543590364913 -4.43618985873283E-05
252.543590362389 -4.44910026883237E-05
253.543590359864 -4.46229199272579E-05
254.543590357339 -4.47522265761542E-05
255.543590354814 -4.4876874048934E-05
256.54359035229 -4.49919832256334E-05
257.543590349765 -4.509038098607E-05
258.54359034724 -4.5167330052891E-05
259.543590344715 -4.52165753031542E-05
260.543590342191 -4.52333901268326E-05
261.543590339666 -4.52091955978986E-05
262.543590337141 -4.51376703246995E-05
263.543590334616 -4.50172716149825E-05
264.543590332092 -4.48619908646203E-05
265.543590329567 -4.46897020150467E-05
266.543590327042 -4.45190267051809E-05
267.543590324517 -4.43674656677533E-05
268.543590321993 -4.42433397779736E-05
269.543590319468 -4.4142917785784E-05
270.543590316943 -4.40548822164427E-05
271.543590314418 -4.3969305629822E-05
272.543590311894 -4.3886877988558E-05
273.543590309369 -4.38070957128142E-05
274.543590306844 -4.37278065629275E-05
275.543590304319 -4.36534357723527E-05
276.543590301795 -4.35837480527043E-05
277.54359029927 -4.35185657519786E-05
278.543590296745 -4.34544858127061E-05
279.54359029422 -4.33888271748531E-05
280.543590291696 -4.33214732035199E-05
281.543590289171 -4.32518255930167E-05
282.543590286646 -4.31783450482234E-05
283.543590284121 -4.31053811958717E-05
284.543590281596 -4.30352546224379E-05
285.543590279072 -4.29629906943632E-05
286.543590276547 -4.28877533722929E-05
287.543590274022 -4.2812223683438E-05
288.543590271497 -4.27403639649567E-05
289.543590268973 -4.26742310577964E-05
290.543590266448 -4.26110206696933E-05
291.543590263923 -4.25540524396286E-05
292.543590261398 -4.25056614616418E-05
293.543590258874 -4.24572539903282E-05
294.543590256349 -4.24096315849632E-05
295.543590253824 -4.23660668826495E-05
296.543590251299 -4.23217387444417E-05
297.543590248775 -4.22784837392143E-05
298.54359024625 -4.22303751499596E-05
299.543590243725 -4.21807213903502E-05
300.5435902412 -4.21288850302272E-05
301.543590238676 -4.20737582760068E-05
302.543590236151 -4.20181937347336E-05
303.543590233626 -4.19667125965613E-05
304.543590231101 -4.19153426447469E-05
305.543590228577 -4.18668217059088E-05
306.543590226052 -4.18154685756467E-05
307.543590223527 -4.17637921105324E-05
308.543590221002 -4.17081748890808E-05
309.543590218478 -4.16505169097268E-05
310.543590215953 -4.15908515529946E-05
311.543590213428 -4.15327615305324E-05
312.543590210903 -4.14742408927427E-05
313.543590208379 -4.14209833822363E-05
314.543590205854 -4.13697951031867E-05
315.543590203329 -4.13226170822053E-05
316.543590200804 -4.12773296724121E-05
317.54359019828 -4.1234395770104E-05
318.543590195755 -4.11874144053774E-05
319.54359019323 -4.11360907661684E-05
320.543590190705 -4.10826412273855E-05
321.54359018818 -4.10347087310637E-05
322.543590185656 -4.09904766480224E-05
323.543590183131 -4.09514042848488E-05
324.543590180606 -4.09163533558186E-05
325.543590178081 -4.08853864699289E-05
326.543590175557 -4.0849838312224E-05
327.543590173032 -4.08098432089532E-05
328.543590170507 -4.07631874274228E-05
329.543590167982 -4.07130693765587E-05
330.543590165458 -4.06606186441119E-05
331.543590162933 -4.06079317698933E-05
332.543590160408 -4.05549011944359E-05
333.543590157883 -4.05072372357339E-05
334.543590155359 -4.04576922336144E-05
335.543590152834 -4.04067032530342E-05
336.543590150309 -4.03509772248589E-05
337.543590147784 -4.0298278321179E-05
338.54359014526 -4.02463489912084E-05
339.543590142735 -4.0201280556998E-05
340.54359014021 -4.01648360649302E-05
341.543590137685 -4.01447328000957E-05
342.543590135161 -4.01375801611792E-05
343.543590132636 -4.01406611474645E-05
344.543590130111 -4.01515836029246E-05
345.543590127586 -4.0169777465666E-05
346.543590125062 -4.01898075690565E-05
347.543590122537 -4.02127881234865E-05
348.543590120012 -4.02330400580208E-05
349.543590117487 -4.02515024583821E-05
350.543590114963 -4.02663994117518E-05
351.543590112438 -4.02760022041255E-05
352.543590109913 -4.02835322202081E-05
353.543590107388 -4.02852990411827E-05
354.543590104863 -4.0280939698979E-05
355.543590102339 -4.02677663885311E-05
356.543590099814 -4.02388333678101E-05
357.543590097289 -4.01969211655605E-05
358.543590094764 -4.01477033713529E-05
359.54359009224 -4.00957845774179E-05
360.543590089715 -4.00447360895708E-05
361.54359008719 -3.99964572990294E-05
362.543590084665 -3.99520407040734E-05
363.543590082141 -3.99091651274208E-05
364.543590079616 -3.98624316877582E-05
365.543590077091 -3.98177520037242E-05
366.543590074566 -3.97791376298775E-05
367.543590072042 -3.97446100726759E-05
368.543590069517 -3.97122677089688E-05
369.543590066992 -3.96829088157774E-05
370.543590064467 -3.96548815987224E-05
371.543590061943 -3.96258550173481E-05
372.543590059418 -3.95963828371563E-05
373.543590056893 -3.95654887844852E-05
374.543590054368 -3.95363788666791E-05
375.543590051844 -3.9505640835957E-05
376.543590049319 -3.94705508152804E-05
377.543590046794 -3.94296995196145E-05
378.543590044269 -3.93865878996578E-05
379.543590041745 -3.93437443578052E-05
380.54359003922 -3.9302318815372E-05
381.543590036695 -3.925797434795E-05
382.54359003417 -3.92150069830612E-05
383.543590031646 -3.91725673882217E-05
384.543590029121 -3.91316929034305E-05
385.543590026596 -3.9091917169613E-05
386.543590024071 -3.90574467400442E-05
387.543590021546 -3.90278767979138E-05
388.543590019022 -3.90132676161729E-05
389.543590016497 -3.89741704391582E-05
390.543590013972 -3.89209672663686E-05
391.543590011447 -3.88690854470262E-05
392.543590008923 -3.88324438227768E-05
393.543590006398 -3.8816354918828E-05
394.543590003873 -3.88269774254965E-05
395.543590001348 -3.88633286194913E-05
396.543589998824 -3.89264245225712E-05
397.543589996299 -3.89719450216398E-05
398.543589993774 -3.90081957458363E-05
399.543589991249 -3.90387591770512E-05
400.543589988725 -3.90648104607224E-05
401.5435899862 -3.90848551209098E-05
402.543589983675 -3.90951790245109E-05
403.54358998115 -3.90955583710294E-05
404.543589978626 -3.90877386631994E-05
405.543589976101 -3.90708082713539E-05
406.543589973576 -3.90423099523669E-05
407.543589971051 -3.9004603745409E-05
408.543589968527 -3.89571660488939E-05
409.543589966002 -3.89000434380073E-05
410.543589963477 -3.88330553559507E-05
411.543589960952 -3.8737381374085E-05
412.543589958428 -3.865183728178E-05
413.543589955903 -3.85861711275651E-05
414.543589953378 -3.85443184982275E-05
415.543589950853 -3.85251194287544E-05
416.543589948329 -3.85213095522995E-05
417.543589945804 -3.85236384428787E-05
418.543589943279 -3.85190287139204E-05
419.543589940754 -3.84865846495697E-05
420.54358993823 -3.84588879226808E-05
421.543589935705 -3.84294493691823E-05
422.54358993318 -3.84001675925512E-05
423.543589930655 -3.83719063015445E-05
424.54358992813 -3.83408791534694E-05
425.543589925606 -3.8309318409344E-05
426.543589923081 -3.82765243910605E-05
427.543589920556 -3.82449464479236E-05
428.543589918031 -3.82146184692071E-05
429.543589915507 -3.81889226372444E-05
430.543589912982 -3.81684258301425E-05
431.543589910457 -3.81564254331998E-05
432.543589907932 -3.8147503872666E-05
433.543589905408 -3.81423210457293E-05
434.543589902883 -3.81388133171762E-05
435.543589900358 -3.81378515839003E-05
436.543589897833 -3.81399294148628E-05
437.543589895309 -3.81447355046731E-05
438.543589892784 -3.8147120308451E-05
439.543589890259 -3.8149778097303E-05
440.543589887734 -3.81491557819243E-05
441.54358988521 -3.81465984792818E-05
442.543589882685 -3.81396611890572E-05
443.54358988016 -3.81303507142342E-05
444.543589877635 -3.81231090934089E-05
445.543589875111 -3.81037605336725E-05
446.543589872586 -3.80658942840044E-05
447.543589870061 -3.80148802598253E-05
448.543589867536 -3.7957821242612E-05
449.543589865012 -3.79068937386513E-05
450.543589862487 -3.78709441448578E-05
451.543589859962 -3.78607165261809E-05
452.543589857437 -3.78801999209161E-05
453.543589854913 -3.7917641528959E-05
454.543589852388 -3.79692150297619E-05
455.543589849863 -3.80346868088886E-05
456.543589847338 -3.81115689177258E-05
457.543589844813 -3.81980858701481E-05
458.543589842289 -3.8286625084971E-05
459.543589839764 -3.83740429669119E-05
460.543589837239 -3.84592404531832E-05
461.543589834714 -3.85427075843229E-05
462.54358983219 -3.86228309683248E-05
463.543589829665 -3.86985956665738E-05
464.54358982714 -3.87656019323181E-05
465.543589824615 -3.88196827142109E-05
466.543589822091 -3.8850473818982E-05
467.543589819566 -3.88498947637124E-05
468.543589817041 -3.88294610907681E-05
469.543589814516 -3.88001606709337E-05
470.543589811992 -3.87698762805517E-05
471.543589809467 -3.87447677587277E-05
472.543589806942 -3.87270995489815E-05
473.543589804417 -3.87176342994661E-05
474.543589801893 -3.87075884191992E-05
475.543589799368 -3.86881939243166E-05
476.543589796843 -3.86666979990644E-05
477.543589794318 -3.8643081015563E-05
478.543589791794 -3.86159547936717E-05
479.543589789269 -3.85846016685299E-05
480.543589786744 -3.85471522487222E-05
481.543589784219 -3.85102957352963E-05
482.543589781695 -3.84760102607465E-05
483.54358977917 -3.84452637618088E-05
484.543589776645 -3.84188438810013E-05
485.54358977412 -3.83957458054631E-05
486.543589771596 -3.83753965028606E-05
487.543589769071 -3.83572840728436E-05
488.543589766546 -3.83394980794087E-05
489.543589764021 -3.83240960691882E-05
490.543589761496 -3.83096221327278E-05
491.543589758972 -3.82951107129255E-05
492.543589756447 -3.82783048169784E-05
493.543589753922 -3.82605212031777E-05
494.543589751397 -3.82408182420541E-05
495.543589748873 -3.82201771798841E-05
496.543589746348 -3.81963510839736E-05
497.543589743823 -3.8169216590802E-05
498.543589741298 -3.81397841258848E-05
499.543589738774 -3.81107289888998E-05
500.543589736249 -3.80812592539872E-05
501.543589733724 -3.80543114554292E-05
502.543589731199 -3.80277641411061E-05
503.543589728675 -3.80010243061682E-05
504.54358972615 -3.79725173056191E-05
505.543589723625 -3.79440266014617E-05
506.5435897211 -3.7915864795577E-05
507.543589718576 -3.78903485521478E-05
508.543589716051 -3.78668480066109E-05
509.543589713526 -3.78461860857161E-05
510.543589711001 -3.78257308483624E-05
511.543589708477 -3.78035316017001E-05
512.543589705952 -3.77819888879156E-05
513.543589703427 -3.7761946886354E-05
514.543589700902 -3.77432030162917E-05
515.543589698378 -3.77278753819493E-05
516.543589695853 -3.77132026065351E-05
517.543589693328 -3.76993136169905E-05
518.543589690803 -3.76868773531136E-05
519.543589688279 -3.76743507944263E-05
520.543589685754 -3.76643910405071E-05
521.543589683229 -3.76564835816135E-05
522.543589680704 -3.76496682763628E-05
523.54358967818 -3.76444850227332E-05
524.543589675655 -3.76380811316235E-05
525.54358967313 -3.76304713075324E-05
526.543589670605 -3.7622971570244E-05
527.54358966808 -3.7613703009806E-05
528.543589665556 -3.76025483841017E-05
529.543589663031 -3.75903375454369E-05
530.543589660506 -3.75768666986542E-05
531.543589657981 -3.75631149237425E-05
532.543589655457 -3.75499094636156E-05
533.543589652932 -3.75370612768483E-05
534.543589650407 -3.75247869593891E-05
535.543589647882 -3.75123640706978E-05
536.543589645358 -3.75000262908554E-05
537.543589642833 -3.74890004772135E-05
538.543589640308 -3.74777712951071E-05
539.543589637783 -3.74661600258001E-05
540.543589635259 -3.74540276165972E-05
541.543589632734 -3.74411747854404E-05
542.543589630209 -3.7427043286551E-05
543.543589627684 -3.74121254744564E-05
544.54358962516 -3.7397703282732E-05
545.543589622635 -3.73862708798626E-05
546.54358962011 -3.73764795055791E-05
547.543589617585 -3.73676886936377E-05
548.543589615061 -3.73582675412062E-05
549.543589612536 -3.7350179394224E-05
550.543589610011 -3.73430855897124E-05
551.543589607486 -3.73364335601922E-05
552.543589604962 -3.73287455856308E-05
553.543589602437 -3.73218637983232E-05
554.543589599912 -3.73166320001552E-05
555.543589597387 -3.7311116648055E-05
556.543589594863 -3.73058248666932E-05
557.543589592338 -3.73017789633455E-05
558.543589589813 -3.72973330845122E-05
559.543589587288 -3.72906527947842E-05
560.543589584763 -3.72814791243124E-05
561.543589582239 -3.7269919878733E-05
562.543589579714 -3.72568164474751E-05
563.543589577189 -3.72421685679583E-05
564.543589574664 -3.72268605779067E-05
565.54358957214 -3.7212343611095E-05
566.543589569615 -3.71958833529166E-05
567.54358956709 -3.71803282583645E-05
568.543589564565 -3.71667729099499E-05
569.543589562041 -3.71553263769765E-05
570.543589559516 -3.71456059650268E-05
571.543589556991 -3.7138720403127E-05
572.543589554466 -3.71312206494273E-05
573.543589551942 -3.71246449159039E-05
574.543589549417 -3.71162747904714E-05
575.543589546892 -3.71093868489373E-05
576.543589544367 -3.71029824654896E-05
577.543589541843 -3.70963241176303E-05
578.543589539318 -3.70890624094098E-05
579.543589536793 -3.70799027705743E-05
580.543589534268 -3.70667236669479E-05
581.543589531744 -3.70531841882319E-05
582.543589529219 -3.70419957881328E-05
583.543589526694 -3.7034168088014E-05
584.543589524169 -3.70273992102476E-05
585.543589521645 -3.7021685166895E-05
586.54358951912 -3.70172719464901E-05
587.543589516595 -3.70129736706241E-05
588.54358951407 -3.70076683991979E-05
589.543589511546 -3.70054720952734E-05
590.543589509021 -3.70077718722587E-05
591.543589506496 -3.70135068563925E-05
592.543589503971 -3.70186308489243E-05
593.543589501446 -3.70235631742275E-05
594.543589498922 -3.70287085998786E-05
595.543589496397 -3.70347444518352E-05
596.543589493872 -3.7039517029831E-05
597.543589491347 -3.70424751613451E-05
598.543589488823 -3.7043565739506E-05
599.543589486298 -3.7043993893143E-05
600.543589483773 -3.70419541035056E-05
601.543589481248 -3.70375754124139E-05
602.543589478724 -3.70328440431184E-05
603.543589476199 -3.7029347031125E-05
604.543589473674 -3.70275427760423E-05
605.543589471149 -3.70250219556542E-05
606.543589468625 -3.70212295736136E-05
607.5435894661 -3.70177843884126E-05
608.543589463575 -3.70141975083017E-05
609.54358946105 -3.70108524482622E-05
610.543589458526 -3.7006890652676E-05
611.543589456001 -3.70024168090377E-05
612.543589453476 -3.69982124384617E-05
613.543589450951 -3.69942082033298E-05
614.543589448427 -3.69875962665436E-05
615.543589445902 -3.69810319716758E-05
616.543589443377 -3.69744333608413E-05
617.543589440852 -3.69689010887211E-05
618.543589438328 -3.69627903849596E-05
619.543589435803 -3.6954535876928E-05
620.543589433278 -3.69443607907281E-05
621.543589430753 -3.69345448323614E-05
622.543589428229 -3.69233597801615E-05
623.543589425704 -3.6913242166231E-05
624.543589423179 -3.69026349384554E-05
625.543589420654 -3.68917882538314E-05
626.54358941813 -3.68831867458955E-05
627.543589415605 -3.6874248577156E-05
628.54358941308 -3.68658652242394E-05
629.543589410555 -3.68591371448916E-05
630.54358940803 -3.68539566483554E-05
631.543589405506 -3.68511000205495E-05
632.543589402981 -3.68469730783479E-05
633.543589400456 -3.68408672979675E-05
634.543589397931 -3.68350152030072E-05
635.543589395407 -3.68298317688535E-05
636.543589392882 -3.68238653529825E-05
637.543589390357 -3.68179706379526E-05
638.543589387832 -3.68120983735407E-05
639.543589385308 -3.68082330926365E-05
640.543589382783 -3.68041989397584E-05
641.543589380258 -3.67997849152013E-05
642.543589377733 -3.67951471722042E-05
643.543589375209 -3.67933186284411E-05
644.543589372684 -3.6791858731048E-05
645.543589370159 -3.67906335640574E-05
646.543589367634 -3.6786129441625E-05
647.54358936511 -3.67813517761354E-05
648.543589362585 -3.67779498346322E-05
649.54358936006 -3.67750215716304E-05
650.543589357535 -3.67724543729918E-05
651.543589355011 -3.67716539132714E-05
652.543589352486 -3.67720879421433E-05
653.543589349961 -3.67719300164869E-05
654.543589347436 -3.67674532352312E-05
655.543589344912 -3.67600029615122E-05
656.543589342387 -3.6753319077716E-05
657.543589339862 -3.6746062555457E-05
658.543589337337 -3.67376572442604E-05
659.543589334813 -3.67294092515032E-05
660.543589332288 -3.67221236812953E-05
661.543589329763 -3.67173049383955E-05
662.543589327238 -3.67126239352893E-05
663.543589324713 -3.67080967221992E-05
664.543589322189 -3.67047436862823E-05
665.543589319664 -3.67020526646074E-05
666.543589317139 -3.66986904876127E-05
667.543589314614 -3.66941594014628E-05
668.54358931209 -3.66894059097747E-05
669.543589309565 -3.66878017737249E-05
670.54358930704 -3.66887733209406E-05
671.543589304515 -3.6691098945677E-05
672.543589301991 -3.669439987581E-05
673.543589299466 -3.66993973866798E-05
674.543589296941 -3.67043511943361E-05
675.543589294416 -3.67076525347509E-05
676.543589291892 -3.67107652604335E-05
677.543589289367 -3.67135328899192E-05
678.543589286842 -3.67178213354342E-05
679.543589284317 -3.67195590264036E-05
680.543589281793 -3.67212029433732E-05
681.543589279268 -3.67234817959885E-05
682.543589276743 -3.67263558197411E-05
683.543589274218 -3.67291546470521E-05
684.543589271694 -3.67307988922471E-05
685.543589269169 -3.67311372434117E-05
686.543589266644 -3.67310040823626E-05
687.543589264119 -3.6727661746594E-05
688.543589261595 -3.67219462426383E-05
689.54358925907 -3.67248640516607E-05
690.543589256545 -3.67173307040902E-05
691.54358925402 -3.66904989660374E-05
692.543589251496 -3.66458826623303E-05
693.543589248971 -3.65943881489725E-05
694.543589246446 -3.65507178565442E-05
695.543589243921 -3.65315764070419E-05
696.543589241396 -3.65509521110198E-05
697.543589238872 -3.6624034222987E-05
698.543589236347 -3.67317185142029E-05
699.543589233822 -3.68674169591024E-05
700.543589231297 -3.70244139509034E-05
701.543589228773 -3.71966687963244E-05
702.543589226248 -3.73803374342341E-05
703.543589223723 -3.75698646659674E-05
704.543589221198 -3.77577469632322E-05
705.543589218674 -3.79370318882015E-05
706.543589216149 -3.81014014627667E-05
707.543589213624 -3.82471480362773E-05
708.543589211099 -3.836714278257E-05
709.543589208575 -3.845650682785E-05
710.54358920605 -3.85116239978884E-05
711.543589203525 -3.85302727154041E-05
712.543589201 -3.84915790915319E-05
713.543589198476 -3.84079810312758E-05
714.543589195951 -3.82971658635122E-05
715.543589193426 -3.81792471593535E-05
716.543589190901 -3.80678263992958E-05
717.543589188377 -3.79730852012248E-05
718.543589185852 -3.78969309486471E-05
719.543589183327 -3.7835367300252E-05
720.543589180802 -3.77669247857555E-05
721.543589178278 -3.76997173670682E-05
722.543589175753 -3.76347204480545E-05
723.543589173228 -3.75744821410453E-05
724.543589170703 -3.75193327556829E-05
725.543589168179 -3.74699982609305E-05
726.543589165654 -3.74235053776714E-05
727.543589163129 -3.73809064129836E-05
728.543589160604 -3.73419676539634E-05
729.54358915808 -3.73081539706189E-05
730.543589155555 -3.72768694938218E-05
731.54358915303 -3.72494209873997E-05
732.543589150505 -3.72240999067997E-05
733.54358914798 -3.72030342358272E-05
734.543589145456 -3.7181425663614E-05
735.543589142931 -3.71592407275796E-05
736.543589140406 -3.7138132223191E-05
737.543589137881 -3.71212976239316E-05
738.543589135357 -3.71052572809324E-05
739.543589132832 -3.70896722358116E-05
740.543589130307 -3.70729552889507E-05
741.543589127782 -3.70572328486731E-05
742.543589125258 -3.7039955128698E-05
743.543589122733 -3.70220920022916E-05
744.543589120208 -3.70056146599805E-05
745.543589117683 -3.69902951163945E-05
746.543589115159 -3.69750552823495E-05
747.543589112634 -3.69587269707861E-05
748.543589110109 -3.69396459968158E-05
749.543589107584 -3.69173328067022E-05
750.54358910506 -3.68912606478949E-05
751.543589102535 -3.68611846314149E-05
752.54358910001 -3.68292197761639E-05
753.543589097485 -3.67952658256901E-05
754.543589094961 -3.67610266309232E-05
755.543589092436 -3.67298666007905E-05
756.543589089911 -3.67012167237201E-05
757.543589087386 -3.66759791928984E-05
758.543589084862 -3.66528138803848E-05
759.543589082337 -3.66326782197022E-05
760.543589079812 -3.66156219205892E-05
761.543589077287 -3.66008904748828E-05
762.543589074763 -3.65865361109396E-05
763.543589072238 -3.65764406850469E-05
764.543589069713 -3.65694385046586E-05
765.543589067188 -3.65651082760488E-05
766.543589064663 -3.65602403813937E-05
767.543589062139 -3.65551428766526E-05
768.543589059614 -3.65489330816396E-05
769.543589057089 -3.65427071707589E-05
770.543589054564 -3.65354677654551E-05
771.54358905204 -3.65277790359752E-05
772.543589049515 -3.65195039974441E-05
773.54358904699 -3.65113215677127E-05
774.543589044465 -3.65038356323029E-05
775.543589041941 -3.64979044186072E-05
776.543589039416 -3.64931718677003E-05
777.543589036891 -3.64923129674455E-05
778.543589034366 -3.64928348458485E-05
779.543589031842 -3.64902604098396E-05
780.543589029317 -3.64830128481342E-05
781.543589026792 -3.64740476500321E-05
782.543589024267 -3.64643844477715E-05
783.543589021743 -3.64545895614761E-05
784.543589019218 -3.64418261225099E-05
785.543589016693 -3.64311210343281E-05
786.543589014168 -3.64194527194447E-05
787.543589011644 -3.64056668747353E-05
788.543589009119 -3.63897250321818E-05
789.543589006594 -3.63743662984818E-05
790.543589004069 -3.63614930681156E-05
791.543589001545 -3.63529711876645E-05
792.54358899902 -3.6345177294763E-05
793.543588996495 -3.63395489346538E-05
794.54358899397 -3.63339056895223E-05
795.543588991446 -3.63282107981224E-05
796.543588988921 -3.63220901327196E-05
797.543588986396 -3.63169020705877E-05
798.543588983871 -3.63133302888457E-05
799.543588981346 -3.63127836950692E-05
800.543588978822 -3.63112187163109E-05
801.543588976297 -3.63076212345193E-05
802.543588973772 -3.63042110545583E-05
803.543588971247 -3.6300834829516E-05
804.543588968723 -3.62988837099733E-05
805.543588966198 -3.62996120093371E-05
806.543588963673 -3.63014865867141E-05
807.543588961148 -3.63063883378203E-05
808.543588958624 -3.63110190403823E-05
809.543588956099 -3.63154583875299E-05
810.543588953574 -3.63225287239247E-05
811.543588951049 -3.63302817527626E-05
812.543588948525 -3.63403846950172E-05
813.543588946 -3.63507641015352E-05
814.543588943475 -3.63595813192109E-05
815.54358894095 -3.6368294095561E-05
816.543588938426 -3.63737410454856E-05
817.543588935901 -3.6376475048278E-05
818.543588933376 -3.63787622049962E-05
819.543588930851 -3.63824374926215E-05
820.543588928327 -3.63875354404669E-05
821.543588925802 -3.63932252936068E-05
822.543588923277 -3.63982428918717E-05
823.543588920752 -3.64028085565686E-05
824.543588918228 -3.64068126604103E-05
825.543588915703 -3.64089912237514E-05
826.543588913178 -3.64111970954467E-05
827.543588910653 -3.64149140841104E-05
828.543588908129 -3.64201519052146E-05
829.543588905604 -3.64265211849546E-05
830.543588903079 -3.64331636631153E-05
831.543588900554 -3.64389601895137E-05
832.54358889803 -3.64451703619859E-05
833.543588895505 -3.64493016695855E-05
834.54358889298 -3.64517465714361E-05
835.543588890455 -3.64523881700577E-05
836.54358888793 -3.64611566134374E-05
837.543588885406 -3.64602342507995E-05
838.543588882881 -3.64408141543348E-05
839.543588880356 -3.64059817085493E-05
840.543588877831 -3.63643163482197E-05
841.543588875307 -3.63311761505955E-05
842.543588872782 -3.63183678596269E-05
843.543588870257 -3.63425231163905E-05
844.543588867732 -3.64135495526104E-05
845.543588865208 -3.6513503659477E-05
846.543588862683 -3.66344802756747E-05
847.543588860158 -3.67707707899813E-05
848.543588857633 -3.69167999819817E-05
849.543588855109 -3.70707959432074E-05
850.543588852584 -3.72247624626138E-05
851.543588850059 -3.73751972930121E-05
852.543588847534 -3.75151397909399E-05
853.54358884501 -3.76408000032245E-05
854.543588842485 -3.77500812751762E-05
855.54358883996 -3.78380121734341E-05
856.543588837435 -3.79002086568323E-05
857.543588834911 -3.79343435907975E-05
858.543588832386 -3.79362775441513E-05
859.543588829861 -3.7888882057424E-05
860.543588827336 -3.78050533531718E-05
861.543588824812 -3.77024206151396E-05
862.543588822287 -3.75978771621127E-05
863.543588819762 -3.75057987255086E-05
864.543588817237 -3.74324137599549E-05
865.543588814713 -3.73819707167004E-05
866.543588812188 -3.7344540974006E-05
867.543588809663 -3.72996402137467E-05
868.543588807138 -3.72526588818426E-05
869.543588804613 -3.72062846356582E-05
870.543588802089 -3.71620852274565E-05
871.543588799564 -3.71202477128991E-05
872.543588797039 -3.70798737062142E-05
873.543588794514 -3.70443834967056E-05
874.54358879199 -3.70113970726862E-05
875.543588789465 -3.69812329276835E-05
876.54358878694 -3.69525320607955E-05
877.543588784415 -3.69258505186907E-05
878.543588781891 -3.68998603670022E-05
879.543588779366 -3.68741699671701E-05
880.543588776841 -3.68486568747049E-05
881.543588774316 -3.68240059483372E-05
882.543588771792 -3.68012115961827E-05
883.543588769267 -3.6781168248897E-05
884.543588766742 -3.67636260120634E-05
885.543588764217 -3.67466429072169E-05
886.543588761693 -3.67292660631678E-05
887.543588759168 -3.67138720944699E-05
888.543588756643 -3.66985568178142E-05
889.543588754118 -3.66825272077859E-05
890.543588751594 -3.66657515578103E-05
891.543588749069 -3.66507720885723E-05
892.543588746544 -3.66373349669506E-05
893.543588744019 -3.66252099264082E-05
894.543588741495 -3.66142392054015E-05
895.54358873897 -3.66037501880075E-05
896.543588736445 -3.65918412838981E-05
897.54358873392 -3.65790363080061E-05
898.543588731396 -3.65645963428757E-05
899.543588728871 -3.65511993632217E-05
900.543588726346 -3.65355634595736E-05
901.543588723821 -3.65210685987432E-05
902.543588721296 -3.65061326521947E-05
903.543588718772 -3.64918931015001E-05
904.543588716247 -3.64780774703347E-05
905.543588713722 -3.64658374360197E-05
906.543588711197 -3.6454791797563E-05
907.543588708673 -3.64444675000914E-05
908.543588706148 -3.64333254125977E-05
909.543588703623 -3.64240681595251E-05
910.543588701098 -3.64149426233098E-05
911.543588698574 -3.64068278244243E-05
912.543588696049 -3.63991444121961E-05
913.543588693524 -3.63926315502501E-05
914.543588690999 -3.63869577965666E-05
915.543588688475 -3.63827826708747E-05
916.54358868595 -3.63775567479416E-05
917.543588683425 -3.63701478634469E-05
918.5435886809 -3.63614287031126E-05
919.543588678376 -3.6351531705892E-05
920.543588675851 -3.63407793368397E-05
921.543588673326 -3.63299112519189E-05
922.543588670801 -3.63182100160268E-05
923.543588668277 -3.63082870397649E-05
924.543588665752 -3.62979851765002E-05
925.543588663227 -3.62881589775006E-05
926.543588660702 -3.62800221711013E-05
927.543588658178 -3.62735145443507E-05
928.543588655653 -3.62670484545257E-05
929.543588653128 -3.62607318221415E-05
930.543588650603 -3.62530205107534E-05
931.543588648079 -3.62476212027471E-05
932.543588645554 -3.62444646097384E-05
933.543588643029 -3.62429877923254E-05
934.543588640504 -3.62429452543122E-05
935.54358863798 -3.62430313150149E-05
936.543588635455 -3.6243124924902E-05
937.54358863293 -3.62429229349843E-05
938.543588630405 -3.6240963412871E-05
939.54358862788 -3.62373459257406E-05
940.543588625356 -3.62353538108441E-05
941.543588622831 -3.62329202163588E-05
942.543588620306 -3.62306938141641E-05
943.543588617781 -3.62264467086396E-05
944.543588615257 -3.62224233379663E-05
945.543588612732 -3.62184212198883E-05
946.543588610207 -3.6214868524454E-05
947.543588607682 -3.6210393909486E-05
948.543588605158 -3.62080490507406E-05
949.543588602633 -3.62032495090273E-05
950.543588600108 -3.61977367991416E-05
951.543588597583 -3.619062310417E-05
952.543588595059 -3.6185749268635E-05
953.543588592534 -3.61827092941148E-05
954.543588590009 -3.61810449122908E-05
955.543588587484 -3.61790900509784E-05
956.54358858496 -3.61783078077683E-05
957.543588582435 -3.61750883103597E-05
958.54358857991 -3.61713334773061E-05
959.543588577385 -3.61649125841202E-05
960.543588574861 -3.61584383707164E-05
961.543588572336 -3.61509442953163E-05
962.543588569811 -3.61440735363825E-05
963.543588567286 -3.6136635423415E-05
964.543588564762 -3.61303538126821E-05
965.543588562237 -3.61252086167888E-05
966.543588559712 -3.61222839478553E-05
967.543588557187 -3.61191637222222E-05
968.543588554663 -3.61165701506717E-05
969.543588552138 -3.61153335778481E-05
970.543588549613 -3.61151832341988E-05
971.543588547088 -3.61143611280125E-05
972.543588544563 -3.61142878681009E-05
973.543588542039 -3.61166258669352E-05
974.543588539514 -3.61228594747017E-05
975.543588536989 -3.61303525490143E-05
976.543588534464 -3.61385034362837E-05
977.54358853194 -3.61472837942458E-05
978.543588529415 -3.61551884304009E-05
979.54358852689 -3.61592837480842E-05
980.543588524365 -3.61612649823084E-05
981.543588521841 -3.61612452559612E-05
982.543588519316 -3.61626706076298E-05
983.543588516791 -3.61629412294809E-05
984.543588514266 -3.61631925845005E-05
985.543588511742 -3.61641996128831E-05
986.543588509217 -3.61660190648023E-05
987.543588506692 -3.61656916927776E-05
988.543588504167 -3.61637819132254E-05
989.543588501643 -3.61612313556151E-05
990.543588499118 -3.61597803859532E-05
991.543588496593 -3.61576849456973E-05
992.543588494068 -3.6153462539135E-05
993.543588491544 -3.61493038575361E-05
994.543588489019 -3.61469437034865E-05
995.543588486494 -3.61451337701042E-05
996.543588483969 -3.61426746725046E-05
997.543588481445 -3.61402399456417E-05
998.54358847892 -3.61389847788485E-05
999.543588476395 -3.61386033480988E-05
1000.54358847387 -3.61367713579688E-05
1001.54358847135 -3.61342640604676E-05
1002.54358846882 -3.61342087216634E-05
1003.5435884663 -3.61349174095589E-05
1004.54358846377 -3.61353720673979E-05
1005.54358846125 -3.61339234117251E-05
1006.54358845872 -3.61336813947185E-05
1007.5435884562 -3.61347832802448E-05
1008.54358845367 -3.61369424618754E-05
1009.54358845115 -3.61370907377047E-05
1010.54358844862 -3.61386201532398E-05
1011.5435884461 -3.61412128385816E-05
1012.54358844357 -3.61414373939963E-05
1013.54358844105 -3.61374119883255E-05
1014.54358843852 -3.61322461798763E-05
1015.543588436 -3.61271448348979E-05
1016.54358843347 -3.61220795618921E-05
1017.54358843095 -3.61143448152096E-05
1018.54358842842 -3.61074431538534E-05
1019.5435884259 -3.61034890715643E-05
1020.54358842338 -3.61001193782077E-05
1021.54358842085 -3.60961674129725E-05
1022.54358841833 -3.60931877334602E-05
1023.5435884158 -3.60894648531504E-05
1024.54358841328 -3.60839772689199E-05
1025.54358841075 -3.60757743743341E-05
1026.54358840823 -3.6067595965364E-05
1027.5435884057 -3.60613119749969E-05
1028.54358840318 -3.60570508870699E-05
1029.54358840065 -3.60568912054076E-05
1030.54358839813 -3.60604780198733E-05
1031.5435883956 -3.60653687261945E-05
1032.54358839308 -3.60713535719222E-05
1033.54358839055 -3.60789247638825E-05
1034.54358838803 -3.60866794010249E-05
1035.5435883855 -3.60970039446655E-05
1036.54358838298 -3.61098714474982E-05
1037.54358838045 -3.61267611886266E-05
1038.54358837793 -3.61448365948173E-05
1039.5435883754 -3.61642677688896E-05
1040.54358837288 -3.61849118179108E-05
1041.54358837036 -3.62059490481516E-05
1042.54358836783 -3.62235379422273E-05
1043.54358836531 -3.62404577816258E-05
1044.54358836278 -3.62537627761085E-05
1045.54358836026 -3.62617935657001E-05
1046.54358835773 -3.62649002684464E-05
1047.54358835521 -3.62660368802211E-05
1048.54358835268 -3.62652953205507E-05
1049.54358835016 -3.62616566300588E-05
1050.54358834763 -3.62548796615361E-05
1051.54358834511 -3.62488986560456E-05
1052.54358834258 -3.62402363607637E-05
1053.54358834006 -3.62294684994721E-05
1054.54358833753 -3.62161604360819E-05
1055.54358833501 -3.62028586582082E-05
1056.54358833248 -3.61889851444917E-05
1057.54358832996 -3.61769159022691E-05
1058.54358832743 -3.61647075088836E-05
1059.54358832491 -3.61559132669866E-05
1060.54358832238 -3.61491403028139E-05
1061.54358831986 -3.61454380678825E-05
1062.54358831734 -3.61416555654268E-05
1063.54358831481 -3.61388089649073E-05
1064.54358831229 -3.61381822677193E-05
1065.54358830976 -3.61411511157931E-05
1066.54358830724 -3.6142603907106E-05
1067.54358830471 -3.61453990747037E-05
1068.54358830219 -3.61496561090469E-05
1069.54358829966 -3.6155675615378E-05
1070.54358829714 -3.61595690580225E-05
1071.54358829461 -3.6162891913613E-05
1072.54358829209 -3.61754693636502E-05
1073.54358828956 -3.61794552181591E-05
1074.54358828704 -3.61641395968667E-05
1075.54358828451 -3.61321354366228E-05
1076.54358828199 -3.60909709318587E-05
1077.54358827946 -3.60560835903732E-05
1078.54358827694 -3.60408004141627E-05
1079.54358827441 -3.60621014883998E-05
1080.54358827189 -3.61308645478325E-05
1081.54358826937 -3.62326407652442E-05
1082.54358826684 -3.63590538773872E-05
1083.54358826432 -3.65030480882524E-05
1084.54358826179 -3.66571536111202E-05
1085.54358825927 -3.68193479538323E-05
1086.54358825674 -3.6983727867498E-05
1087.54358825422 -3.71446167264615E-05
1088.54358825169 -3.72948358307086E-05
1089.54358824917 -3.74330744448842E-05
1090.54358824664 -3.75545814077005E-05
1091.54358824412 -3.76545058265787E-05
1092.54358824159 -3.7725939147429E-05
1093.54358823907 -3.77702460002189E-05
1094.54358823654 -3.77834031619766E-05
1095.54358823402 -3.77474497935909E-05
1096.54358823149 -3.76722723234242E-05
1097.54358822897 -3.75742202828127E-05
1098.54358822644 -3.74706883712678E-05
1099.54358822392 -3.73761168821453E-05
1100.54358822139 -3.7298156076907E-05
1101.54358821887 -3.7242207249323E-05
1102.54358821635 -3.72007705144033E-05
1103.54358821382 -3.71554285535468E-05
1104.5435882113 -3.71112617709509E-05
1105.54358820877 -3.70693903507086E-05
1106.54358820625 -3.70291298771933E-05
1107.54358820372 -3.69921699891743E-05
1108.5435882012 -3.69565236100153E-05
1109.54358819867 -3.69221148375899E-05
1110.54358819615 -3.68878314308601E-05
1111.54358819362 -3.68549075830153E-05
1112.5435881911 -3.68219604311664E-05
1113.54358818857 -3.67900439563409E-05
1114.54358818605 -3.67577293440922E-05
1115.54358818352 -3.67293621347455E-05
1116.543588181 -3.6701884120859E-05
1117.54358817847 -3.66746386874985E-05
1118.54358817595 -3.66465658307002E-05
1119.54358817342 -3.66182834512109E-05
1120.5435881709 -3.65896849906511E-05
1121.54358816837 -3.65616094588156E-05
1122.54358816585 -3.65356205543837E-05
1123.54358816333 -3.65129851289732E-05
1124.5435881608 -3.64906961783061E-05
1125.54358815828 -3.64689232636298E-05
1126.54358815575 -3.64485744041317E-05
1127.54358815323 -3.64297856328333E-05
1128.5435881507 -3.64106318584669E-05
1129.54358814818 -3.63925181811932E-05
1130.54358814565 -3.63758331378423E-05
1131.54358814313 -3.63602289735913E-05
1132.5435881406 -3.63448808908059E-05
1133.54358813808 -3.63277315562002E-05
1134.54358813555 -3.63098255635551E-05
1135.54358813303 -3.62924110556401E-05
1136.5435881305 -3.62748930910757E-05
1137.54358812798 -3.62578852544445E-05
1138.54358812545 -3.62415732392729E-05
1139.54358812293 -3.62279141716284E-05
1140.5435881204 -3.62143189766488E-05
1141.54358811788 -3.61964970917653E-05
1142.54358811535 -3.61774036124069E-05
1143.54358811283 -3.61591357676578E-05
1144.54358811031 -3.6143999373851E-05
1145.54358810778 -3.61300499744194E-05
1146.54358810526 -3.61175981854807E-05
1147.54358810273 -3.61093825721602E-05
1148.54358810021 -3.61053496337162E-05
1149.54358809768 -3.61019525499491E-05
1150.54358809516 -3.61003676314971E-05
1151.54358809263 -3.61019906733305E-05
1152.54358809011 -3.61082585806525E-05
1153.54358808758 -3.61152163357314E-05
1154.54358808506 -3.61212333639607E-05
1155.54358808253 -3.61259649301914E-05
1156.54358808001 -3.6133797291111E-05
1157.54358807748 -3.6141406557219E-05
1158.54358807496 -3.61504868639727E-05
1159.54358807243 -3.61585902570252E-05
1160.54358806991 -3.61669584951616E-05
1161.54358806738 -3.61723483666873E-05
1162.54358806486 -3.61732238915592E-05
1163.54358806233 -3.61689558124309E-05
1164.54358805981 -3.61656298222877E-05
1165.54358805729 -3.61616354175069E-05
1166.54358805476 -3.61602698356856E-05
1167.54358805224 -3.61585117947407E-05
1168.54358804971 -3.61584998309245E-05
1169.54358804719 -3.61585530854974E-05
1170.54358804466 -3.61580767483701E-05
1171.54358804214 -3.61559475337195E-05
1172.54358803961 -3.615469628922E-05
1173.54358803709 -3.61519964054591E-05
1174.54358803456 -3.61510986761383E-05
1175.54358803204 -3.61492785841795E-05
1176.54358802951 -3.61475788524788E-05
1177.54358802699 -3.61446480785527E-05
1178.54358802446 -3.61431758070616E-05
1179.54358802194 -3.61401007124224E-05
1180.54358801941 -3.61373936569363E-05
1181.54358801689 -3.61303405031417E-05
1182.54358801436 -3.6123638878762E-05
1183.54358801184 -3.61167659043067E-05
1184.54358800932 -3.61104796491843E-05
1185.54358800679 -3.61035101928694E-05
1186.54358800427 -3.60979110119993E-05
1187.54358800174 -3.60924739580708E-05
1188.54358799922 -3.60893649085128E-05
1189.54358799669 -3.60854735500997E-05
1190.54358799417 -3.60832096153293E-05
1191.54358799164 -3.60812176317229E-05
1192.54358798912 -3.60790275804924E-05
1193.54358798659 -3.60755182108123E-05
1194.54358798407 -3.6070798198116E-05
1195.54358798154 -3.60672414326866E-05
1196.54358797902 -3.60670292185473E-05
1197.54358797649 -3.60680535772316E-05
1198.54358797397 -3.60695184636509E-05
1199.54358797144 -3.6070575808989E-05
1200.54358796892 -3.60733493793546E-05
1201.54358796639 -3.60758196694408E-05
1202.54358796387 -3.60783499919545E-05
1203.54358796134 -3.60798751405593E-05
1204.54358795882 -3.60839632865174E-05
1205.5435879563 -3.60880804804243E-05
