Title: Title
Label: 1mM
6.5087049835671 -0.000243072509765625
7.50870498104234 -0.000243682861328125
8.50870497851759 -0.000241943359375
9.50870497599283 -0.00023858642578125
10.5087049734681 -0.000232269287109375
11.5087049709433 -0.000225982666015625
12.5087049684186 -0.000223052978515625
13.5087049658938 -0.00021923828125
14.508704963369 -0.00021630859375
15.5087049608443 -0.00021282958984375
16.5087049583195 -0.00020941162109375
17.5087049557948 -0.00020458984375
18.50870495327 -0.000200653076171875
19.5087049507453 -0.00019818115234375
20.5087049482205 -0.000195526123046875
21.5087049456957 -0.00019219970703125
22.508704943171 -0.0001878662109375
23.5087049406462 -0.00018426513671875
24.5087049381215 -0.000180511474609375
25.5087049355967 -0.000180389404296875
26.508704933072 -0.0001805419921875
27.5087049305472 -0.000179290771484375
28.5087049280224 -0.000177093505859375
29.5087049254977 -0.00017437744140625
30.5087049229729 -0.000175567626953125
31.5087049204482 -0.000172576904296875
32.5087049179234 -0.0001700439453125
33.5087049153987 -0.000166748046875
34.5087049128739 -0.000162017822265625
35.5087049103491 -0.000158172607421875
36.5087049078244 -0.000155914306640625
37.5087049052996 -0.00015289306640625
38.5087049027749 -0.000151611328125
39.5087049002501 -0.000149627685546875
40.5087048977254 -0.000146697998046875
41.5087048952006 -0.000143157958984375
42.5087048926758 -0.000140960693359375
43.5087048901511 -0.000139404296875
44.5087048876263 -0.00014105224609375
45.5087048851016 -0.00013787841796875
46.5087048825768 -0.0001346435546875
47.5087048800521 -0.000132965087890625
48.5087048775273 -0.000129119873046875
49.5087048750025 -0.00012786865234375
50.5087048724778 -0.0001248779296875
51.508704869953 -0.000123016357421875
52.5087048674283 -0.000121368408203125
53.5087048649035 -0.000118682861328125
54.5087048623788 -0.0001175537109375
55.508704859854 -0.0001158447265625
56.5087048573292 -0.000113922119140625
57.5087048548045 -0.0001129150390625
58.5087048522797 -0.0001123046875
59.508704849755 -0.00011224365234375
60.5087048472302 -0.00011102294921875
61.5087048447054 -0.000109771728515625
62.5087048421807 -0.000110076904296875
63.5087048396559 -0.000110748291015625
64.5087048371312 -0.000109344482421875
65.5087048346064 -0.000109710693359375
66.5087048320817 -0.000107940673828125
67.5087048295569 -0.000105804443359375
68.5087048270321 -0.000103790283203125
69.5087048245074 -0.0001044921875
70.5087048219826 -0.000101806640625
71.5087048194579 -0.000100982666015625
72.5087048169331 -9.9456787109375E-05
73.5087048144084 -9.906005859375E-05
74.5087048118836 -9.857177734375E-05
75.5087048093588 -9.6771240234375E-05
76.5087048068341 -9.710693359375E-05
77.5087048043093 -9.63134765625E-05
78.5087048017846 -9.527587890625E-05
79.5087047992598 -9.539794921875E-05
80.5087047967351 -9.46044921875E-05
81.5087047942103 -9.478759765625E-05
82.5087047916855 -9.3597412109375E-05
83.5087047891608 -9.3048095703125E-05
84.508704786636 -9.320068359375E-05
85.5087047841113 -9.3475341796875E-05
86.5087047815865 -9.1888427734375E-05
87.5087047790618 -9.1827392578125E-05
88.508704776537 -9.0972900390625E-05
89.5087047740122 -9.0301513671875E-05
90.5087047714875 -8.9569091796875E-05
91.5087047689627 -8.892822265625E-05
92.508704766438 -8.831787109375E-05
93.5087047639132 -8.770751953125E-05
94.5087047613885 -8.6578369140625E-05
95.5087047588637 -8.6090087890625E-05
96.5087047563389 -8.544921875E-05
97.5087047538142 -8.50830078125E-05
98.5087047512894 -8.502197265625E-05
99.5087047487647 -8.447265625E-05
100.50870474624 -8.404541015625E-05
101.508704743715 -8.33740234375E-05
102.50870474119 -8.306884765625E-05
103.508704738666 -8.2763671875E-05
104.508704736141 -8.221435546875E-05
105.508704733616 -8.160400390625E-05
106.508704731091 -8.1298828125E-05
107.508704728567 -8.0841064453125E-05
108.508704726042 -8.0169677734375E-05
109.508704723517 -7.9986572265625E-05
110.508704720992 -7.9620361328125E-05
111.508704718468 -7.9315185546875E-05
112.508704715943 -7.867431640625E-05
113.508704713418 -7.8521728515625E-05
114.508704710893 -7.8125E-05
115.508704708369 -7.7728271484375E-05
116.508704705844 -7.7178955078125E-05
117.508704703319 -7.7056884765625E-05
118.508704700794 -7.6751708984375E-05
119.50870469827 -7.6507568359375E-05
120.508704695745 -7.6629638671875E-05
121.50870469322 -7.635498046875E-05
122.508704690695 -7.5958251953125E-05
123.50870468817 -7.5653076171875E-05
124.508704685646 -7.5286865234375E-05
125.508704683121 -7.470703125E-05
126.508704680596 -7.501220703125E-05
127.508704678071 -7.4859619140625E-05
128.508704675547 -7.4371337890625E-05
129.508704673022 -7.4127197265625E-05
130.508704670497 -7.373046875E-05
131.508704667972 -7.3822021484375E-05
132.508704665448 -7.3333740234375E-05
133.508704662923 -7.31201171875E-05
134.508704660398 -7.2723388671875E-05
135.508704657873 -7.2601318359375E-05
136.508704655349 -7.2265625E-05
137.508704652824 -7.1807861328125E-05
138.508704650299 -7.159423828125E-05
139.508704647774 -7.1533203125E-05
140.50870464525 -7.1044921875E-05
141.508704642725 -7.086181640625E-05
142.5087046402 -7.0709228515625E-05
143.508704637675 -7.0281982421875E-05
144.508704635151 -7.000732421875E-05
145.508704632626 -6.9854736328125E-05
146.508704630101 -6.964111328125E-05
147.508704627576 -6.9061279296875E-05
148.508704625052 -6.890869140625E-05
149.508704622527 -6.854248046875E-05
150.508704620002 -6.8267822265625E-05
151.508704617477 -6.7901611328125E-05
152.508704614953 -6.781005859375E-05
153.508704612428 -6.744384765625E-05
154.508704609903 -6.73828125E-05
155.508704607378 -6.732177734375E-05
156.508704604854 -6.6986083984375E-05
157.508704602329 -6.6864013671875E-05
158.508704599804 -6.689453125E-05
159.508704597279 -6.646728515625E-05
160.508704594754 -6.60400390625E-05
161.50870459223 -6.6253662109375E-05
162.508704589705 -6.610107421875E-05
163.50870458718 -6.597900390625E-05
164.508704584655 -6.549072265625E-05
165.508704582131 -6.53076171875E-05
166.508704579606 -6.4727783203125E-05
167.508704577081 -6.3385009765625E-05
168.508704574556 -6.43310546875E-05
169.508704572032 -6.4208984375E-05
170.508704569507 -6.396484375E-05
171.508704566982 -6.38427734375E-05
172.508704564457 -6.3385009765625E-05
173.508704561933 -6.3079833984375E-05
174.508704559408 -6.2835693359375E-05
175.508704556883 -6.2347412109375E-05
176.508704554358 -6.231689453125E-05
177.508704551834 -6.21337890625E-05
178.508704549309 -6.207275390625E-05
179.508704546784 -6.16455078125E-05
180.508704544259 -6.1798095703125E-05
181.508704541735 -6.1553955078125E-05
182.50870453921 -6.15234375E-05
183.508704536685 -6.2835693359375E-05
184.50870453416 -6.1309814453125E-05
185.508704531636 -6.11572265625E-05
186.508704529111 -6.0943603515625E-05
187.508704526586 -6.09130859375E-05
188.508704524061 -5.9478759765625E-05
189.508704521537 -5.92041015625E-05
190.508704519012 -6.048583984375E-05
191.508704516487 -6.085205078125E-05
192.508704513962 -5.9906005859375E-05
193.508704511437 -5.975341796875E-05
194.508704508913 -5.92041015625E-05
195.508704506388 -5.94482421875E-05
196.508704503863 -5.908203125E-05
197.508704501338 -5.8563232421875E-05
198.508704498814 -5.87158203125E-05
199.508704496289 -5.859375E-05
200.508704493764 -5.816650390625E-05
201.508704491239 -5.7861328125E-05
202.508704488715 -5.8013916015625E-05
203.50870448619 -5.7525634765625E-05
204.508704483665 -5.7342529296875E-05
205.50870448114 -5.7159423828125E-05
206.508704478616 -5.694580078125E-05
207.508704476091 -5.682373046875E-05
208.508704473566 -5.6671142578125E-05
209.508704471041 -5.6182861328125E-05
210.508704468517 -5.60302734375E-05
211.508704465992 -5.596923828125E-05
212.508704463467 -5.57861328125E-05
213.508704460942 -5.572509765625E-05
214.508704458418 -5.5755615234375E-05
215.508704455893 -5.5694580078125E-05
216.508704453368 -5.560302734375E-05
217.508704450843 -5.52978515625E-05
218.508704448319 -5.52978515625E-05
219.508704445794 -5.4962158203125E-05
220.508704443269 -5.6915283203125E-05
221.508704440744 -5.46875E-05
222.50870443822 -5.45654296875E-05
223.508704435695 -5.426025390625E-05
224.50870443317 -5.413818359375E-05
225.508704430645 -5.389404296875E-05
226.50870442812 -5.3924560546875E-05
227.508704425596 -5.4962158203125E-05
228.508704423071 -5.4473876953125E-05
229.508704420546 -5.2886962890625E-05
230.508704418021 -5.2703857421875E-05
231.508704415497 -5.2276611328125E-05
232.508704412972 -5.2154541015625E-05
233.508704410447 -5.1910400390625E-05
234.508704407922 -5.1788330078125E-05
235.508704405398 -5.1666259765625E-05
236.508704402873 -5.1727294921875E-05
237.508704400348 -5.1239013671875E-05
238.508704397823 -5.16357421875E-05
239.508704395299 -5.1361083984375E-05
240.508704392774 -5.1605224609375E-05
241.508704390249 -5.096435546875E-05
242.508704387724 -5.0445556640625E-05
243.5087043852 -5.126953125E-05
244.508704382675 -5.1177978515625E-05
245.50870438015 -5.1025390625E-05
246.508704377625 -5.0537109375E-05
247.508704375101 -5.0384521484375E-05
248.508704372576 -5.0628662109375E-05
249.508704370051 -5.0384521484375E-05
250.508704367526 -5.029296875E-05
251.508704365002 -5.0537109375E-05
252.508704362477 -5.047607421875E-05
253.508704359952 -5.029296875E-05
254.508704357427 -5.0537109375E-05
255.508704354903 -5.035400390625E-05
256.508704352378 -5.010986328125E-05
257.508704349853 -5.0323486328125E-05
258.508704347328 -5.029296875E-05
259.508704344804 -5.0140380859375E-05
260.508704342279 -5.047607421875E-05
261.508704339754 -4.9560546875E-05
262.508704337229 -4.98046875E-05
263.508704334704 -4.9713134765625E-05
264.50870433218 -4.96826171875E-05
265.508704329655 -4.962158203125E-05
266.50870432713 -4.959716796875E-05
267.508704324605 -4.93621826171875E-05
268.508704322081 -4.93194580078125E-05
269.508704319556 -4.91424560546875E-05
270.508704317031 -4.87091064453125E-05
271.508704314506 -4.8687744140625E-05
272.508704311982 -4.85931396484375E-05
273.508704309457 -4.84161376953125E-05
274.508704306932 -4.81719970703125E-05
275.508704304407 -4.78271484375E-05
276.508704301883 -4.82666015625E-05
277.508704299358 -4.79095458984375E-05
278.508704296833 -4.77691650390625E-05
279.508704294308 -4.80133056640625E-05
280.508704291784 -4.78424072265625E-05
281.508704289259 -4.7906494140625E-05
282.508704286734 -4.83673095703125E-05
283.508704284209 -4.776611328125E-05
284.508704281685 -4.779052734375E-05
285.50870427916 -4.76837158203125E-05
286.508704276635 -4.7607421875E-05
287.50870427411 -4.7509765625E-05
288.508704271586 -4.747314453125E-05
289.508704269061 -4.7442626953125E-05
290.508704266536 -4.7296142578125E-05
291.508704264011 -4.7418212890625E-05
292.508704261487 -4.75830078125E-05
293.508704258962 -4.7760009765625E-05
294.508704256437 -4.7698974609375E-05
295.508704253912 -4.8052978515625E-05
296.508704251387 -4.79217529296875E-05
297.508704248863 -4.81658935546875E-05
298.508704246338 -4.8095703125E-05
299.508704243813 -4.755859375E-05
300.508704241288 -4.8516845703125E-05
301.508704238764 -4.88037109375E-05
302.508704236239 -4.8760986328125E-05
303.508704233714 -4.8284912109375E-05
304.508704231189 -4.8126220703125E-05
305.508704228665 -4.80621337890625E-05
306.50870422614 -4.793701171875E-05
307.508704223615 -4.776611328125E-05
308.50870422109 -4.7955322265625E-05
309.508704218566 -4.75921630859375E-05
310.508704216041 -4.76715087890625E-05
311.508704213516 -4.75677490234375E-05
312.508704210991 -4.7625732421875E-05
313.508704208467 -4.76806640625E-05
314.508704205942 -4.739990234375E-05
315.508704203417 -4.7369384765625E-05
316.508704200892 -4.73785400390625E-05
317.508704198368 -4.72930908203125E-05
318.508704195843 -4.71038818359375E-05
319.508704193318 -4.7113037109375E-05
320.508704190793 -4.7113037109375E-05
321.508704188269 -4.6441650390625E-05
322.508704185744 -4.67376708984375E-05
323.508704183219 -4.68170166015625E-05
324.508704180694 -4.6636962890625E-05
325.50870417817 -4.64996337890625E-05
326.508704175645 -4.6319580078125E-05
327.50870417312 -4.60784912109375E-05
328.508704170595 -4.58709716796875E-05
329.50870416807 -4.5697021484375E-05
330.508704165546 -4.59075927734375E-05
331.508704163021 -4.60052490234375E-05
332.508704160496 -4.5989990234375E-05
333.508704157971 -4.599609375E-05
334.508704155447 -4.65576171875E-05
335.508704152922 -4.593505859375E-05
336.508704150397 -4.59075927734375E-05
337.508704147872 -4.5782470703125E-05
338.508704145348 -4.6417236328125E-05
339.508704142823 -4.609375E-05
340.508704140298 -4.5892333984375E-05
341.508704137773 -4.5452880859375E-05
342.508704135249 -4.525146484375E-05
343.508704132724 -4.5416259765625E-05
344.508704130199 -4.5355224609375E-05
345.508704127674 -4.53857421875E-05
346.50870412515 -4.51385498046875E-05
347.508704122625 -4.51080322265625E-05
348.5087041201 -4.503173828125E-05
349.508704117575 -4.50042724609375E-05
350.508704115051 -4.50714111328125E-05
351.508704112526 -4.46868896484375E-05
352.508704110001 -4.46868896484375E-05
353.508704107476 -4.8651123046875E-05
354.508704104952 -4.45648193359375E-05
355.508704102427 -4.45953369140625E-05
356.508704099902 -4.449462890625E-05
357.508704097377 -4.454345703125E-05
358.508704094853 -4.4378662109375E-05
359.508704092328 -4.4268798828125E-05
360.508704089803 -4.40155029296875E-05
361.508704087278 -4.47418212890625E-05
362.508704084754 -4.39544677734375E-05
363.508704082229 -4.359130859375E-05
364.508704079704 -4.3792724609375E-05
365.508704077179 -4.38323974609375E-05
366.508704074654 -4.3865966796875E-05
367.50870407213 -4.36920166015625E-05
368.508704069605 -4.36309814453125E-05
369.50870406708 -4.368896484375E-05
370.508704064555 -4.3597412109375E-05
371.508704062031 -4.35089111328125E-05
372.508704059506 -4.35943603515625E-05
373.508704056981 -4.4134521484375E-05
374.508704054456 -4.35211181640625E-05
375.508704051932 -4.32830810546875E-05
376.508704049407 -4.33441162109375E-05
377.508704046882 -4.3017578125E-05
378.508704044357 -4.28741455078125E-05
379.508704041833 -4.3438720703125E-05
380.508704039308 -4.3231201171875E-05
381.508704036783 -4.35455322265625E-05
382.508704034258 -4.3499755859375E-05
383.508704031734 -4.30419921875E-05
384.508704029209 -4.26361083984375E-05
385.508704026684 -4.45159912109375E-05
386.508704024159 -4.27398681640625E-05
387.508704021635 -4.29595947265625E-05
388.50870401911 -4.298095703125E-05
389.508704016585 -4.3267822265625E-05
390.50870401406 -4.28955078125E-05
391.508704011536 -4.287109375E-05
392.508704009011 -4.2657470703125E-05
393.508704006486 -4.28985595703125E-05
394.508704003961 -4.27703857421875E-05
395.508704001437 -4.27459716796875E-05
396.508703998912 -4.27978515625E-05
397.508703996387 -4.2816162109375E-05
398.508703993862 -4.27215576171875E-05
399.508703991337 -4.2803955078125E-05
400.508703988813 -4.27642822265625E-05
401.508703986288 -4.2840576171875E-05
402.508703983763 -4.2919921875E-05
403.508703981238 -4.26788330078125E-05
404.508703978714 -4.273681640625E-05
405.508703976189 -4.27337646484375E-05
406.508703973664 -4.2852783203125E-05
407.508703971139 -4.26025390625E-05
408.508703968615 -4.24102783203125E-05
409.50870396609 -4.2803955078125E-05
410.508703963565 -4.28741455078125E-05
411.50870396104 -4.2657470703125E-05
412.508703958516 -4.26605224609375E-05
413.508703955991 -4.29534912109375E-05
414.508703953466 -4.273681640625E-05
415.508703950941 -4.30755615234375E-05
416.508703948417 -4.28985595703125E-05
417.508703945892 -4.29351806640625E-05
418.508703943367 -4.268798828125E-05
419.508703940842 -4.29229736328125E-05
420.508703938318 -4.3048095703125E-05
421.508703935793 -4.283447265625E-05
422.508703933268 -4.29351806640625E-05
423.508703930743 -4.21295166015625E-05
424.508703928219 -4.2376708984375E-05
425.508703925694 -4.2181396484375E-05
426.508703923169 -4.188232421875E-05
427.508703920644 -4.1510009765625E-05
428.50870391812 -4.1546630859375E-05
429.508703915595 -4.16259765625E-05
430.50870391307 -4.158935546875E-05
431.508703910545 -4.15252685546875E-05
432.50870390802 -4.1461181640625E-05
433.508703905496 -4.1522216796875E-05
434.508703902971 -4.149169921875E-05
435.508703900446 -4.1375732421875E-05
436.508703897921 -4.14215087890625E-05
437.508703895397 -4.1571044921875E-05
438.508703892872 -4.1497802734375E-05
439.508703890347 -4.1534423828125E-05
440.508703887822 -4.15252685546875E-05
441.508703885298 -4.16168212890625E-05
442.508703882773 -4.144287109375E-05
443.508703880248 -4.1357421875E-05
444.508703877723 -4.12628173828125E-05
445.508703875199 -4.13299560546875E-05
446.508703872674 -4.1192626953125E-05
447.508703870149 -4.12689208984375E-05
448.508703867624 -4.134521484375E-05
449.5087038651 -4.1357421875E-05
450.508703862575 -4.139404296875E-05
451.50870386005 -4.13116455078125E-05
452.508703857525 -4.12109375E-05
453.508703855001 -4.1326904296875E-05
454.508703852476 -4.1162109375E-05
455.508703849951 -4.10186767578125E-05
456.508703847426 -4.08355712890625E-05
457.508703844902 -4.06158447265625E-05
458.508703842377 -4.0325927734375E-05
459.508703839852 -4.029541015625E-05
460.508703837327 -4.0411376953125E-05
461.508703834803 -3.968505859375E-05
462.508703832278 -3.946533203125E-05
463.508703829753 -3.9544677734375E-05
464.508703827228 -3.9520263671875E-05
465.508703824704 -3.96392822265625E-05
466.508703822179 -3.91448974609375E-05
467.508703819654 -3.9404296875E-05
468.508703817129 -3.9306640625E-05
469.508703814604 -3.9599609375E-05
470.50870381208 -3.9349365234375E-05
471.508703809555 -3.92120361328125E-05
472.50870380703 -3.9044189453125E-05
473.508703804505 -3.89495849609375E-05
474.508703801981 -3.9111328125E-05
475.508703799456 -3.912353515625E-05
476.508703796931 -3.97857666015625E-05
477.508703794406 -3.89434814453125E-05
478.508703791882 -3.8995361328125E-05
479.508703789357 -3.9019775390625E-05
480.508703786832 -3.9959716796875E-05
481.508703784307 -3.97064208984375E-05
482.508703781783 -3.88763427734375E-05
483.508703779258 -3.9544677734375E-05
484.508703776733 -3.92913818359375E-05
485.508703774208 -3.92791748046875E-05
486.508703771684 -3.9410400390625E-05
487.508703769159 -3.9617919921875E-05
488.508703766634 -3.96484375E-05
489.508703764109 -3.9654541015625E-05
490.508703761585 -3.975830078125E-05
491.50870375906 -3.97918701171875E-05
492.508703756535 -3.9697265625E-05
493.50870375401 -3.978271484375E-05
494.508703751486 -3.96759033203125E-05
495.508703748961 -3.9422607421875E-05
496.508703746436 -3.9398193359375E-05
497.508703743911 -3.94287109375E-05
498.508703741387 -3.94378662109375E-05
499.508703738862 -3.93463134765625E-05
500.508703736337 -3.91998291015625E-05
501.508703733812 -3.90472412109375E-05
502.508703731287 -3.9617919921875E-05
503.508703728763 -3.89923095703125E-05
504.508703726238 -3.90716552734375E-05
505.508703723713 -3.91082763671875E-05
506.508703721188 -3.92578125E-05
507.508703718664 -3.94073486328125E-05
508.508703716139 -3.916015625E-05
509.508703713614 -3.9215087890625E-05
510.508703711089 -3.91265869140625E-05
511.508703708565 -3.89923095703125E-05
512.50870370604 -3.88885498046875E-05
513.508703703515 -3.87359619140625E-05
514.50870370099 -3.85711669921875E-05
515.508703698466 -3.90899658203125E-05
516.508703695941 -3.87542724609375E-05
517.508703693416 -3.9385986328125E-05
518.508703690891 -3.86138916015625E-05
519.508703688367 -3.86260986328125E-05
520.508703685842 -3.86322021484375E-05
521.508703683317 -3.87176513671875E-05
522.508703680792 -3.8714599609375E-05
523.508703678268 -3.865966796875E-05
524.508703675743 -3.87603759765625E-05
525.508703673218 -3.818359375E-05
526.508703670693 -3.8140869140625E-05
527.508703668169 -3.8079833984375E-05
528.508703665644 -3.80035400390625E-05
529.508703663119 -3.80340576171875E-05
530.508703660594 -3.8262939453125E-05
531.50870365807 -3.7884521484375E-05
532.508703655545 -3.77593994140625E-05
533.50870365302 -3.79974365234375E-05
534.508703650495 -3.77716064453125E-05
535.50870364797 -3.79302978515625E-05
536.508703645446 -3.7841796875E-05
537.508703642921 -3.76556396484375E-05
538.508703640396 -3.75396728515625E-05
539.508703637871 -3.76617431640625E-05
540.508703635347 -3.78631591796875E-05
541.508703632822 -3.75762939453125E-05
542.508703630297 -3.7432861328125E-05
543.508703627772 -3.739013671875E-05
544.508703625248 -3.7646484375E-05
545.508703622723 -3.74786376953125E-05
546.508703620198 -3.73870849609375E-05
547.508703617673 -3.73931884765625E-05
548.508703615149 -3.75701904296875E-05
549.508703612624 -3.73016357421875E-05
550.508703610099 -3.73443603515625E-05
551.508703607574 -3.74847412109375E-05
552.50870360505 -3.77532958984375E-05
553.508703602525 -3.73992919921875E-05
554.5087036 -3.75030517578125E-05
555.508703597475 -3.758544921875E-05
556.508703594951 -3.7445068359375E-05
557.508703592426 -3.739013671875E-05
558.508703589901 -3.7225341796875E-05
559.508703587376 -3.7255859375E-05
560.508703584852 -3.71337890625E-05
561.508703582327 -3.71307373046875E-05
562.508703579802 -3.75091552734375E-05
563.508703577277 -3.6834716796875E-05
564.508703574753 -3.71063232421875E-05
565.508703572228 -3.726806640625E-05
566.508703569703 -3.712158203125E-05
567.508703567178 -3.73931884765625E-05
568.508703564654 -3.71734619140625E-05
569.508703562129 -3.70361328125E-05
570.508703559604 -3.72039794921875E-05
571.508703557079 -3.68804931640625E-05
572.508703554554 -3.76434326171875E-05
573.50870355203 -3.70208740234375E-05
574.508703549505 -3.6859130859375E-05
575.50870354698 -3.68560791015625E-05
576.508703544455 -3.7066650390625E-05
577.508703541931 -3.6822509765625E-05
578.508703539406 -3.69384765625E-05
579.508703536881 -3.67218017578125E-05
580.508703534356 -3.701171875E-05
581.508703531832 -3.7127685546875E-05
582.508703529307 -3.790283203125E-05
583.508703526782 -3.7353515625E-05
584.508703524257 -3.70819091796875E-05
585.508703521733 -3.76953125E-05
586.508703519208 -3.82568359375E-05
587.508703516683 -3.7060546875E-05
588.508703514158 -3.67767333984375E-05
589.508703511634 -3.66180419921875E-05
590.508703509109 -3.65325927734375E-05
591.508703506584 -3.64715576171875E-05
592.508703504059 -3.621826171875E-05
593.508703501535 -3.63677978515625E-05
594.50870349901 -3.64349365234375E-05
595.508703496485 -3.616943359375E-05
596.50870349396 -3.662109375E-05
597.508703491436 -3.58612060546875E-05
598.508703488911 -3.65203857421875E-05
599.508703486386 -3.60809326171875E-05
600.508703483861 -3.6224365234375E-05
601.508703481337 -3.60260009765625E-05
602.508703478812 -3.621826171875E-05
603.508703476287 -3.63006591796875E-05
604.508703473762 -3.6578369140625E-05
605.508703471237 -3.65386962890625E-05
606.508703468713 -3.66973876953125E-05
607.508703466188 -3.64349365234375E-05
608.508703463663 -3.67431640625E-05
609.508703461138 -3.6492919921875E-05
610.508703458614 -3.5772705078125E-05
611.508703456089 -3.609619140625E-05
612.508703453564 -3.61328125E-05
613.508703451039 -3.6224365234375E-05
614.508703448515 -3.69964599609375E-05
615.50870344599 -3.64898681640625E-05
616.508703443465 -3.60137939453125E-05
617.50870344094 -3.5589599609375E-05
618.508703438416 -3.597412109375E-05
619.508703435891 -3.5894775390625E-05
620.508703433366 -3.5992431640625E-05
621.508703430841 -3.607177734375E-05
622.508703428317 -3.5870361328125E-05
623.508703425792 -3.56414794921875E-05
624.508703423267 -3.55712890625E-05
625.508703420742 -3.5736083984375E-05
626.508703418218 -3.61419677734375E-05
627.508703415693 -3.5675048828125E-05
628.508703413168 -3.5418701171875E-05
629.508703410643 -3.54339599609375E-05
630.508703408119 -3.54095458984375E-05
631.508703405594 -3.54248046875E-05
632.508703403069 -3.65509033203125E-05
633.508703400544 -3.51409912109375E-05
634.50870339802 -3.52203369140625E-05
635.508703395495 -3.53973388671875E-05
636.50870339297 -3.5198974609375E-05
637.508703390445 -3.4918212890625E-05
638.50870338792 -3.51837158203125E-05
639.508703385396 -3.52508544921875E-05
640.508703382871 -3.52508544921875E-05
641.508703380346 -3.50921630859375E-05
642.508703377821 -3.45550537109375E-05
643.508703375297 -3.41888427734375E-05
644.508703372772 -3.3953857421875E-05
645.508703370247 -3.3941650390625E-05
646.508703367722 -3.39813232421875E-05
647.508703365198 -3.39324951171875E-05
648.508703362673 -3.40362548828125E-05
649.508703360148 -3.4088134765625E-05
650.508703357623 -3.4112548828125E-05
651.508703355099 -3.41064453125E-05
652.508703352574 -3.42254638671875E-05
653.508703350049 -3.421630859375E-05
654.508703347524 -3.42010498046875E-05
655.508703345 -3.634033203125E-05
656.508703342475 -3.46099853515625E-05
657.50870333995 -3.56231689453125E-05
658.508703337425 -3.397216796875E-05
659.508703334901 -3.5369873046875E-05
660.508703332376 -3.4356689453125E-05
661.508703329851 -3.4588623046875E-05
662.508703327326 -3.78204345703125E-05
663.508703324802 -3.3984375E-05
664.508703322277 -3.372802734375E-05
665.508703319752 -3.36273193359375E-05
666.508703317227 -3.47137451171875E-05
667.508703314703 -3.26080322265625E-05
668.508703312178 -3.26629638671875E-05
669.508703309653 -3.25927734375E-05
670.508703307128 -3.26324462890625E-05
671.508703304604 -3.27301025390625E-05
672.508703302079 -3.22845458984375E-05
673.508703299554 -3.22113037109375E-05
674.508703297029 -3.233642578125E-05
675.508703294504 -3.33160400390625E-05
676.50870329198 -3.3056640625E-05
677.508703289455 -3.336181640625E-05
678.50870328693 -3.36639404296875E-05
679.508703284405 -3.33709716796875E-05
680.508703281881 -3.328857421875E-05
681.508703279356 -3.3111572265625E-05
682.508703276831 -3.21868896484375E-05
683.508703274306 -3.29254150390625E-05
684.508703271782 -3.182373046875E-05
685.508703269257 -3.13507080078125E-05
686.508703266732 -3.10302734375E-05
687.508703264207 -3.4912109375E-05
688.508703261683 -3.4423828125E-05
689.508703259158 -3.19000244140625E-05
690.508703256633 -3.201904296875E-05
691.508703254108 -3.33984375E-05
692.508703251584 -3.3367919921875E-05
693.508703249059 -3.218994140625E-05
694.508703246534 -3.1488037109375E-05
695.508703244009 -3.157958984375E-05
696.508703241485 -3.0828857421875E-05
697.50870323896 -3.109130859375E-05
698.508703236435 -3.15032958984375E-05
699.50870323391 -3.10150146484375E-05
700.508703231386 -3.09906005859375E-05
701.508703228861 -3.48663330078125E-05
702.508703226336 -3.35540771484375E-05
703.508703223811 -3.411865234375E-05
704.508703221287 -3.27362060546875E-05
705.508703218762 -3.11431884765625E-05
706.508703216237 -3.17291259765625E-05
707.508703213712 -3.13720703125E-05
708.508703211187 -3.09814453125E-05
709.508703208663 -3.19000244140625E-05
710.508703206138 -3.41156005859375E-05
711.508703203613 -3.18572998046875E-05
712.508703201088 -3.25775146484375E-05
713.508703198564 -3.19793701171875E-05
714.508703196039 -3.04656982421875E-05
715.508703193514 -3.050537109375E-05
716.508703190989 -3.08197021484375E-05
717.508703188465 -3.10638427734375E-05
718.50870318594 -3.03314208984375E-05
719.508703183415 -3.03466796875E-05
720.50870318089 -3.0377197265625E-05
721.508703178366 -3.0474853515625E-05
722.508703175841 -3.2794189453125E-05
723.508703173316 -3.28399658203125E-05
724.508703170791 -3.29498291015625E-05
725.508703168267 -3.13140869140625E-05
726.508703165742 -3.1103515625E-05
727.508703163217 -3.0645751953125E-05
728.508703160692 -3.39080810546875E-05
729.508703158168 -3.0157470703125E-05
730.508703155643 -2.99407958984375E-05
731.508703153118 -3.0596923828125E-05
732.508703150593 -3.1732177734375E-05
733.508703148069 -2.9925537109375E-05
734.508703145544 -3.0255126953125E-05
735.508703143019 -3.05908203125E-05
736.508703140494 -3.0499267578125E-05
737.50870313797 -3.062744140625E-05
738.508703135445 -3.0059814453125E-05
739.50870313292 -2.958984375E-05
740.508703130395 -2.89093017578125E-05
741.50870312787 -2.89031982421875E-05
742.508703125346 -2.90863037109375E-05
743.508703122821 -2.9864501953125E-05
744.508703120296 -3.43994140625E-05
745.508703117771 -3.3087158203125E-05
746.508703115247 -3.10638427734375E-05
747.508703112722 -2.98858642578125E-05
748.508703110197 -2.98248291015625E-05
749.508703107672 -3.0499267578125E-05
750.508703105148 -2.96783447265625E-05
751.508703102623 -2.99652099609375E-05
752.508703100098 -2.9925537109375E-05
753.508703097573 -2.99774169921875E-05
754.508703095049 -2.98675537109375E-05
755.508703092524 -2.94342041015625E-05
756.508703089999 -2.9437255859375E-05
757.508703087474 -2.96234130859375E-05
758.50870308495 -2.9669189453125E-05
759.508703082425 -3.017578125E-05
760.5087030799 -3.0389404296875E-05
761.508703077375 -3.0133056640625E-05
762.508703074851 -3.0474853515625E-05
763.508703072326 -3.0169677734375E-05
764.508703069801 -3.2318115234375E-05
765.508703067276 -3.0120849609375E-05
766.508703064752 -2.95745849609375E-05
767.508703062227 -3.00048828125E-05
768.508703059702 -3.07952880859375E-05
769.508703057177 -3.0517578125E-05
770.508703054653 -3.057861328125E-05
771.508703052128 -3.05419921875E-05
772.508703049603 -3.04473876953125E-05
773.508703047078 -3.043212890625E-05
774.508703044554 -3.026123046875E-05
775.508703042029 -3.06915283203125E-05
776.508703039504 -2.9876708984375E-05
777.508703036979 -2.96783447265625E-05
778.508703034454 -2.94281005859375E-05
779.50870303193 -2.93212890625E-05
780.508703029405 -2.91351318359375E-05
781.50870302688 -2.90496826171875E-05
782.508703024355 -2.9742431640625E-05
783.508703021831 -3.08837890625E-05
784.508703019306 -2.97943115234375E-05
785.508703016781 -2.95257568359375E-05
786.508703014256 -2.9718017578125E-05
787.508703011732 -2.91473388671875E-05
788.508703009207 -2.89947509765625E-05
789.508703006682 -2.8680419921875E-05
790.508703004157 -2.84637451171875E-05
791.508703001633 -3.02276611328125E-05
792.508702999108 -2.984619140625E-05
793.508702996583 -2.9669189453125E-05
794.508702994058 -2.9400634765625E-05
795.508702991534 -2.8314208984375E-05
796.508702989009 -2.900390625E-05
797.508702986484 -2.8497314453125E-05
798.508702983959 -2.8594970703125E-05
799.508702981435 -2.85430908203125E-05
800.50870297891 -2.85064697265625E-05
801.508702976385 -2.9290771484375E-05
802.50870297386 -2.77191162109375E-05
803.508702971336 -2.7740478515625E-05
804.508702968811 -2.8704833984375E-05
805.508702966286 -2.78289794921875E-05
806.508702963761 -2.78717041015625E-05
807.508702961237 -2.921142578125E-05
808.508702958712 -2.88726806640625E-05
809.508702956187 -2.802734375E-05
810.508702953662 -2.825927734375E-05
811.508702951137 -2.82257080078125E-05
812.508702948613 -2.8961181640625E-05
813.508702946088 -2.916259765625E-05
814.508702943563 -2.92083740234375E-05
815.508702941038 -3.25042724609375E-05
816.508702938514 -3.01544189453125E-05
817.508702935989 -2.87841796875E-05
818.508702933464 -2.8936767578125E-05
819.508702930939 -2.80059814453125E-05
820.508702928415 -2.79296875E-05
821.50870292589 -2.78594970703125E-05
822.508702923365 -2.84912109375E-05
823.50870292084 -2.84881591796875E-05
824.508702918316 -2.8839111328125E-05
825.508702915791 -3.09295654296875E-05
826.508702913266 -3.01605224609375E-05
827.508702910741 -2.747802734375E-05
828.508702908217 -2.8778076171875E-05
829.508702905692 -3.0419921875E-05
830.508702903167 -2.9034423828125E-05
831.508702900642 -2.886962890625E-05
832.508702898118 -3.0126953125E-05
833.508702895593 -2.96539306640625E-05
834.508702893068 -3.0059814453125E-05
835.508702890543 -2.94281005859375E-05
836.508702888019 -2.95074462890625E-05
837.508702885494 -2.962646484375E-05
838.508702882969 -2.952880859375E-05
839.508702880444 -2.96844482421875E-05
840.50870287792 -2.99346923828125E-05
841.508702875395 -2.94891357421875E-05
842.50870287287 -2.95684814453125E-05
843.508702870345 -2.99346923828125E-05
844.50870286782 -2.99530029296875E-05
845.508702865296 -3.00811767578125E-05
846.508702862771 -2.998046875E-05
847.508702860246 -3.0010986328125E-05
848.508702857721 -2.98248291015625E-05
849.508702855197 -3.04229736328125E-05
850.508702852672 -3.02490234375E-05
851.508702850147 -2.99041748046875E-05
852.508702847622 -3.00048828125E-05
853.508702845098 -3.04046630859375E-05
854.508702842573 -2.99591064453125E-05
855.508702840048 -2.97821044921875E-05
856.508702837523 -2.98553466796875E-05
857.508702834999 -2.9754638671875E-05
858.508702832474 -2.98431396484375E-05
859.508702829949 -2.95684814453125E-05
860.508702827424 -2.91839599609375E-05
861.5087028249 -2.92633056640625E-05
862.508702822375 -2.92510986328125E-05
863.50870281985 -2.89764404296875E-05
864.508702817325 -2.86895751953125E-05
865.508702814801 -2.86834716796875E-05
866.508702812276 -2.862548828125E-05
867.508702809751 -2.8497314453125E-05
868.508702807226 -2.86163330078125E-05
869.508702804702 -2.8533935546875E-05
870.508702802177 -2.87811279296875E-05
871.508702799652 -2.8533935546875E-05
872.508702797127 -2.86834716796875E-05
873.508702794603 -2.8558349609375E-05
874.508702792078 -2.8033447265625E-05
875.508702789553 -2.80181884765625E-05
876.508702787028 -2.79693603515625E-05
877.508702784504 -2.79541015625E-05
878.508702781979 -2.77984619140625E-05
879.508702779454 -2.7947998046875E-05
880.508702776929 -2.77557373046875E-05
881.508702774404 -2.779541015625E-05
882.50870277188 -2.7862548828125E-05
883.508702769355 -2.79815673828125E-05
884.50870276683 -2.78045654296875E-05
885.508702764305 -2.7813720703125E-05
886.508702761781 -2.7935791015625E-05
887.508702759256 -2.80303955078125E-05
888.508702756731 -2.80426025390625E-05
889.508702754206 -2.83477783203125E-05
890.508702751682 -2.7984619140625E-05
891.508702749157 -2.80120849609375E-05
892.508702746632 -2.80426025390625E-05
893.508702744107 -2.78717041015625E-05
894.508702741583 -2.777099609375E-05
895.508702739058 -2.79052734375E-05
896.508702736533 -2.794189453125E-05
897.508702734008 -2.799072265625E-05
898.508702731484 -2.789306640625E-05
899.508702728959 -2.78900146484375E-05
900.508702726434 -2.77374267578125E-05
901.508702723909 -2.8216552734375E-05
902.508702721385 -2.80487060546875E-05
903.50870271886 -2.7728271484375E-05
904.508702716335 -2.783203125E-05
905.50870271381 -2.80914306640625E-05
906.508702711286 -2.8094482421875E-05
907.508702708761 -2.79632568359375E-05
908.508702706236 -2.7886962890625E-05
909.508702703711 -2.75848388671875E-05
910.508702701187 -2.7667236328125E-05
911.508702698662 -2.7667236328125E-05
912.508702696137 -2.77435302734375E-05
913.508702693612 -2.77191162109375E-05
914.508702691087 -2.78533935546875E-05
915.508702688563 -2.747802734375E-05
916.508702686038 -2.76824951171875E-05
917.508702683513 -2.777099609375E-05
918.508702680988 -2.78167724609375E-05
919.508702678464 -2.79449462890625E-05
920.508702675939 -2.8045654296875E-05
921.508702673414 -2.77740478515625E-05
922.508702670889 -2.75634765625E-05
923.508702668365 -2.730712890625E-05
924.50870266584 -2.72918701171875E-05
925.508702663315 -2.64862060546875E-05
926.50870266079 -2.6220703125E-05
927.508702658266 -2.62969970703125E-05
928.508702655741 -2.647705078125E-05
929.508702653216 -2.67669677734375E-05
930.508702650691 -2.6763916015625E-05
931.508702648167 -2.67913818359375E-05
932.508702645642 -2.684326171875E-05
933.508702643117 -2.67547607421875E-05
934.508702640592 -2.67303466796875E-05
935.508702638068 -2.71148681640625E-05
936.508702635543 -2.7178955078125E-05
937.508702633018 -2.7392578125E-05
938.508702630493 -2.75482177734375E-05
939.508702627969 -2.723388671875E-05
940.508702625444 -2.7215576171875E-05
941.508702622919 -2.70538330078125E-05
942.508702620394 -2.69439697265625E-05
943.50870261787 -2.679443359375E-05
944.508702615345 -2.69287109375E-05
945.50870261282 -2.6519775390625E-05
946.508702610295 -2.6519775390625E-05
947.50870260777 -2.6409912109375E-05
948.508702605246 -2.6165771484375E-05
949.508702602721 -2.6348876953125E-05
950.508702600196 -2.67333984375E-05
951.508702597671 -2.66876220703125E-05
952.508702595147 -2.65594482421875E-05
953.508702592622 -2.69927978515625E-05
954.508702590097 -2.633056640625E-05
955.508702587572 -2.607421875E-05
956.508702585048 -2.60009765625E-05
957.508702582523 -2.5897216796875E-05
958.508702579998 -2.5933837890625E-05
959.508702577473 -2.57049560546875E-05
960.508702574949 -2.6116943359375E-05
961.508702572424 -2.60284423828125E-05
962.508702569899 -2.601318359375E-05
963.508702567374 -2.6141357421875E-05
964.50870256485 -2.623291015625E-05
965.508702562325 -2.63671875E-05
966.5087025598 -2.642822265625E-05
967.508702557275 -2.6300048828125E-05
968.508702554751 -2.62176513671875E-05
969.508702552226 -2.59613037109375E-05
970.508702549701 -2.6043701171875E-05
971.508702547176 -2.593994140625E-05
972.508702544652 -2.61016845703125E-05
973.508702542127 -2.60650634765625E-05
974.508702539602 -2.59124755859375E-05
975.508702537077 -2.606201171875E-05
976.508702534553 -2.61810302734375E-05
977.508702532028 -2.60955810546875E-05
978.508702529503 -2.59613037109375E-05
979.508702526978 -2.58331298828125E-05
980.508702524454 -2.5787353515625E-05
981.508702521929 -2.56683349609375E-05
982.508702519404 -2.574462890625E-05
983.508702516879 -2.57476806640625E-05
984.508702514354 -2.52685546875E-05
985.50870251183 -2.5250244140625E-05
986.508702509305 -2.532958984375E-05
987.50870250678 -2.54180908203125E-05
988.508702504255 -2.53143310546875E-05
989.508702501731 -2.52655029296875E-05
990.508702499206 -2.52288818359375E-05
991.508702496681 -2.5115966796875E-05
992.508702494156 -2.51739501953125E-05
993.508702491632 -2.53021240234375E-05
994.508702489107 -2.51190185546875E-05
995.508702486582 -2.4957275390625E-05
996.508702484057 -2.49359130859375E-05
997.508702481533 -2.5006103515625E-05
998.508702479008 -2.52197265625E-05
999.508702476483 -2.5244140625E-05
1000.50870247396 -2.5775146484375E-05
1001.50870247143 -2.52410888671875E-05
1002.50870246891 -2.5286865234375E-05
1003.50870246638 -2.59674072265625E-05
1004.50870246386 -2.530517578125E-05
1005.50870246133 -2.51220703125E-05
1006.50870245881 -2.52044677734375E-05
1007.50870245629 -2.532958984375E-05
1008.50870245376 -2.5726318359375E-05
1009.50870245124 -2.49725341796875E-05
1010.50870244871 -2.5177001953125E-05
1011.50870244619 -2.50152587890625E-05
1012.50870244366 -2.5164794921875E-05
1013.50870244114 -2.525634765625E-05
1014.50870243861 -2.51312255859375E-05
1015.50870243609 -2.50823974609375E-05
1016.50870243356 -2.50274658203125E-05
1017.50870243104 -2.5323486328125E-05
1018.50870242851 -2.52349853515625E-05
1019.50870242599 -2.52593994140625E-05
1020.50870242346 -2.53265380859375E-05
1021.50870242094 -2.50213623046875E-05
1022.50870241841 -2.4786376953125E-05
1023.50870241589 -2.47039794921875E-05
1024.50870241336 -2.4530029296875E-05
1025.50870241084 -2.476806640625E-05
1026.50870240831 -2.45330810546875E-05
1027.50870240579 -2.46856689453125E-05
1028.50870240327 -2.470703125E-05
1029.50870240074 -2.4749755859375E-05
1030.50870239822 -2.4481201171875E-05
1031.50870239569 -2.43408203125E-05
1032.50870239317 -2.42401123046875E-05
1033.50870239064 -2.4420166015625E-05
1034.50870238812 -2.41790771484375E-05
1035.50870238559 -2.42462158203125E-05
1036.50870238307 -2.40386962890625E-05
1037.50870238054 -2.39166259765625E-05
1038.50870237802 -2.38861083984375E-05
1039.50870237549 -2.3907470703125E-05
1040.50870237297 -2.40814208984375E-05
1041.50870237044 -2.4249267578125E-05
1042.50870236792 -2.38037109375E-05
1043.50870236539 -2.3944091796875E-05
1044.50870236287 -2.392578125E-05
1045.50870236034 -2.403564453125E-05
1046.50870235782 -2.393798828125E-05
1047.50870235529 -2.384033203125E-05
1048.50870235277 -2.39044189453125E-05
1049.50870235025 -2.3876953125E-05
1050.50870234772 -2.3822021484375E-05
1051.5087023452 -2.4212646484375E-05
1052.50870234267 -2.4981689453125E-05
1053.50870234015 -2.388916015625E-05
1054.50870233762 -2.37457275390625E-05
1055.5087023351 -2.384033203125E-05
1056.50870233257 -2.39166259765625E-05
1057.50870233005 -2.37518310546875E-05
1058.50870232752 -2.388916015625E-05
1059.508702325 -2.35687255859375E-05
1060.50870232247 -2.3492431640625E-05
1061.50870231995 -2.35809326171875E-05
1062.50870231742 -2.42340087890625E-05
1063.5087023149 -2.42706298828125E-05
1064.50870231237 -2.3858642578125E-05
1065.50870230985 -2.3541259765625E-05
1066.50870230732 -2.3583984375E-05
1067.5087023048 -2.38800048828125E-05
1068.50870230227 -2.3974609375E-05
1069.50870229975 -2.37091064453125E-05
1070.50870229723 -2.31719970703125E-05
1071.5087022947 -2.31475830078125E-05
1072.50870229218 -2.32391357421875E-05
1073.50870228965 -2.31475830078125E-05
1074.50870228713 -2.3150634765625E-05
1075.5087022846 -2.3236083984375E-05
1076.50870228208 -2.3382568359375E-05
1077.50870227955 -2.35260009765625E-05
1078.50870227703 -2.33917236328125E-05
1079.5087022745 -2.31475830078125E-05
1080.50870227198 -2.29278564453125E-05
1081.50870226945 -2.26043701171875E-05
1082.50870226693 -2.26715087890625E-05
1083.5087022644 -2.2576904296875E-05
1084.50870226188 -2.264404296875E-05
1085.50870225935 -2.254638671875E-05
1086.50870225683 -2.22900390625E-05
1087.5087022543 -2.22198486328125E-05
1088.50870225178 -2.24365234375E-05
1089.50870224925 -2.27996826171875E-05
1090.50870224673 -2.92877197265625E-05
1091.50870224421 -2.271728515625E-05
1092.50870224168 -2.41729736328125E-05
1093.50870223916 -2.33062744140625E-05
1094.50870223663 -2.24609375E-05
1095.50870223411 -2.27813720703125E-05
1096.50870223158 -2.25799560546875E-05
1097.50870222906 -2.2833251953125E-05
1098.50870222653 -2.23907470703125E-05
1099.50870222401 -2.28515625E-05
1100.50870222148 -2.266845703125E-05
1101.50870221896 -2.2393798828125E-05
1102.50870221643 -2.25738525390625E-05
1103.50870221391 -2.23358154296875E-05
1104.50870221138 -2.239990234375E-05
1105.50870220886 -2.22747802734375E-05
