Title: Title
Label: i vs t (AUT40358)
6.52386898352881 -7.415771484375E-05
7.52386898100406 -7.2052001953125E-05
8.5238689784793 -7.0220947265625E-05
9.52386897595454 -6.8206787109375E-05
10.5238689734298 -6.683349609375E-05
11.523868970905 -6.5521240234375E-05
12.5238689683803 -6.414794921875E-05
13.5238689658555 -6.3201904296875E-05
14.5238689633308 -6.292724609375E-05
15.523868960806 -6.4422607421875E-05
16.5238689582812 -6.298828125E-05
17.5238689557565 -6.304931640625E-05
18.5238689532317 -6.18896484375E-05
19.523868950707 -6.2896728515625E-05
20.5238689481822 -6.4788818359375E-05
21.5238689456575 -6.5338134765625E-05
22.5238689431327 -6.4544677734375E-05
23.5238689406079 -6.3629150390625E-05
24.5238689380832 -6.317138671875E-05
25.5238689355584 -6.0821533203125E-05
26.5238689330337 -5.8746337890625E-05
27.5238689305089 -5.84716796875E-05
28.5238689279842 -5.9173583984375E-05
29.5238689254594 -5.9417724609375E-05
30.5238689229346 -5.8441162109375E-05
31.5238689204099 -5.810546875E-05
32.5238689178851 -5.6976318359375E-05
33.5238689153604 -5.6640625E-05
34.5238689128356 -5.7220458984375E-05
35.5238689103109 -5.5511474609375E-05
36.5238689077861 -5.4901123046875E-05
37.5238689052613 -5.4656982421875E-05
38.5238689027366 -5.4443359375E-05
39.5238689002118 -5.40771484375E-05
40.5238688976871 -5.462646484375E-05
41.5238688951623 -5.487060546875E-05
42.5238688926376 -5.4962158203125E-05
43.5238688901128 -5.6854248046875E-05
44.523868887588 -5.6854248046875E-05
45.5238688850633 -5.9326171875E-05
46.5238688825385 -5.8807373046875E-05
47.5238688800138 -5.67626953125E-05
48.523868877489 -5.8258056640625E-05
49.5238688749643 -6.1004638671875E-05
50.5238688724395 -5.938720703125E-05
51.5238688699147 -5.889892578125E-05
52.52386886739 -5.92041015625E-05
53.5238688648652 -5.52978515625E-05
54.5238688623405 -5.377197265625E-05
55.5238688598157 -5.6121826171875E-05
56.523868857291 -5.5389404296875E-05
57.5238688547662 -5.4443359375E-05
58.5238688522414 -5.352783203125E-05
59.5238688497167 -5.316162109375E-05
60.5238688471919 -5.37109375E-05
61.5238688446672 -5.37109375E-05
62.5238688421424 -5.255126953125E-05
63.5238688396176 -5.13916015625E-05
64.5238688370929 -5.0933837890625E-05
65.5238688345681 -5.0567626953125E-05
66.5238688320434 -5.0201416015625E-05
67.5238688295186 -5.0323486328125E-05
68.5238688269939 -5.0201416015625E-05
69.5238688244691 -4.998779296875E-05
70.5238688219443 -4.974365234375E-05
71.5238688194196 -4.96826171875E-05
72.5238688168948 -4.9591064453125E-05
73.5238688143701 -4.931640625E-05
74.5238688118453 -4.93621826171875E-05
75.5238688093206 -4.9298095703125E-05
76.5238688067958 -4.96551513671875E-05
77.523868804271 -4.9249267578125E-05
78.5238688017463 -4.89990234375E-05
79.5238687992215 -4.87396240234375E-05
80.5238687966968 -4.871826171875E-05
81.523868794172 -4.8626708984375E-05
82.5238687916473 -4.83917236328125E-05
83.5238687891225 -4.8333740234375E-05
84.5238687865977 -4.84222412109375E-05
85.523868784073 -4.83123779296875E-05
86.5238687815482 -4.83917236328125E-05
87.5238687790235 -4.910888671875E-05
88.5238687764987 -4.9139404296875E-05
89.523868773974 -4.9566650390625E-05
90.5238687714492 -4.94659423828125E-05
91.5238687689244 -4.90203857421875E-05
92.5238687663997 -4.8779296875E-05
93.5238687638749 -4.8931884765625E-05
94.5238687613502 -5.013427734375E-05
95.5238687588254 -5.12786865234375E-05
96.5238687563007 -5.36956787109375E-05
97.5238687537759 -5.33111572265625E-05
98.5238687512511 -5.44921875E-05
99.5238687487264 -5.596923828125E-05
100.523868746202 -5.6396484375E-05
101.523868743677 -5.67535400390625E-05
102.523868741152 -5.9112548828125E-05
103.523868738627 -5.97503662109375E-05
104.523868736103 -5.614013671875E-05
105.523868733578 -5.390625E-05
106.523868731053 -5.63140869140625E-05
107.523868728528 -5.72296142578125E-05
108.523868726004 -5.5743408203125E-05
109.523868723479 -5.4412841796875E-05
110.523868720954 -5.41961669921875E-05
111.523868718429 -5.2947998046875E-05
112.523868715905 -5.404052734375E-05
113.52386871338 -5.4461669921875E-05
114.523868710855 -5.3302001953125E-05
115.52386870833 -5.38818359375E-05
116.523868705806 -5.16998291015625E-05
117.523868703281 -4.99725341796875E-05
118.523868700756 -4.96185302734375E-05
119.523868698231 -4.935302734375E-05
120.523868695706 -4.97222900390625E-05
121.523868693182 -4.99114990234375E-05
122.523868690657 -5.04608154296875E-05
123.523868688132 -5.1171875E-05
124.523868685607 -5.12359619140625E-05
125.523868683083 -5.5487060546875E-05
126.523868680558 -5.52001953125E-05
127.523868678033 -5.5548095703125E-05
128.523868675508 -5.3570556640625E-05
129.523868672984 -5.4736328125E-05
130.523868670459 -5.46844482421875E-05
131.523868667934 -5.26153564453125E-05
132.523868665409 -5.12481689453125E-05
133.523868662885 -5.048828125E-05
134.52386866036 -5.1910400390625E-05
135.523868657835 -5.5181884765625E-05
136.52386865531 -5.49560546875E-05
137.523868652786 -5.43365478515625E-05
138.523868650261 -5.40374755859375E-05
139.523868647736 -5.4364013671875E-05
140.523868645211 -5.18524169921875E-05
141.523868642687 -5.21697998046875E-05
142.523868640162 -5.1409912109375E-05
143.523868637637 -5.19195556640625E-05
144.523868635112 -5.30242919921875E-05
145.523868632588 -5.51727294921875E-05
146.523868630063 -5.5535888671875E-05
147.523868627538 -5.68572998046875E-05
148.523868625013 -5.5975341796875E-05
149.523868622489 -5.63140869140625E-05
150.523868619964 -5.70831298828125E-05
151.523868617439 -5.77239990234375E-05
152.523868614914 -5.63690185546875E-05
153.523868612389 -5.52001953125E-05
154.523868609865 -5.49224853515625E-05
155.52386860734 -5.5926513671875E-05
156.523868604815 -5.6658935546875E-05
157.52386860229 -5.7659912109375E-05
158.523868599766 -5.74066162109375E-05
159.523868597241 -5.85784912109375E-05
160.523868594716 -5.806884765625E-05
161.523868592191 -5.70709228515625E-05
162.523868589667 -5.8819580078125E-05
163.523868587142 -5.98907470703125E-05
164.523868584617 -6.004638671875E-05
165.523868582092 -5.9814453125E-05
166.523868579568 -6.024169921875E-05
167.523868577043 -6.0699462890625E-05
168.523868574518 -6.09130859375E-05
169.523868571993 -6.1309814453125E-05
170.523868569469 -6.0546875E-05
171.523868566944 -6.0760498046875E-05
172.523868564419 -5.95703125E-05
173.523868561894 -5.9234619140625E-05
174.52386855937 -5.7830810546875E-05
175.523868556845 -6.0791015625E-05
176.52386855432 -5.7098388671875E-05
177.523868551795 -5.23681640625E-05
178.523868549271 -5.0628662109375E-05
179.523868546746 -4.9285888671875E-05
180.523868544221 -4.85992431640625E-05
181.523868541696 -4.8095703125E-05
182.523868539172 -4.77569580078125E-05
183.523868536647 -4.7491455078125E-05
184.523868534122 -4.72259521484375E-05
185.523868531597 -4.7088623046875E-05
186.523868529073 -4.6820068359375E-05
187.523868526548 -4.658203125E-05
188.523868524023 -4.652099609375E-05
189.523868521498 -4.638671875E-05
190.523868518973 -4.63104248046875E-05
191.523868516449 -4.647216796875E-05
192.523868513924 -4.6630859375E-05
193.523868511399 -4.72900390625E-05
194.523868508874 -4.75189208984375E-05
195.52386850635 -4.70245361328125E-05
196.523868503825 -4.7052001953125E-05
197.5238685013 -4.9151611328125E-05
198.523868498775 -4.95361328125E-05
199.523868496251 -5.0848388671875E-05
200.523868493726 -5.26519775390625E-05
201.523868491201 -5.41229248046875E-05
202.523868488676 -5.45867919921875E-05
203.523868486152 -5.3680419921875E-05
204.523868483627 -5.42449951171875E-05
205.523868481102 -5.1983642578125E-05
206.523868478577 -4.90325927734375E-05
207.523868476053 -4.9249267578125E-05
208.523868473528 -5.18218994140625E-05
209.523868471003 -5.2337646484375E-05
210.523868468478 -5.191650390625E-05
211.523868465954 -5.10162353515625E-05
212.523868463429 -5.0555419921875E-05
213.523868460904 -4.9517822265625E-05
214.523868458379 -5.15960693359375E-05
215.523868455855 -5.23529052734375E-05
216.52386845333 -5.2618408203125E-05
217.523868450805 -5.18402099609375E-05
218.52386844828 -4.901123046875E-05
219.523868445756 -4.80560302734375E-05
220.523868443231 -4.8736572265625E-05
221.523868440706 -5.052490234375E-05
222.523868438181 -5.11199951171875E-05
223.523868435656 -5.09765625E-05
224.523868433132 -5.12542724609375E-05
225.523868430607 -5.1568603515625E-05
226.523868428082 -5.19989013671875E-05
227.523868425557 -5.27374267578125E-05
228.523868423033 -5.44677734375E-05
229.523868420508 -5.49591064453125E-05
230.523868417983 -5.3326416015625E-05
231.523868415458 -5.3778076171875E-05
232.523868412934 -5.39154052734375E-05
233.523868410409 -5.1397705078125E-05
234.523868407884 -5.2740478515625E-05
235.523868405359 -5.296630859375E-05
236.523868402835 -5.17120361328125E-05
237.52386840031 -4.98931884765625E-05
238.523868397785 -4.97161865234375E-05
239.52386839526 -5.069580078125E-05
240.523868392736 -5.02532958984375E-05
241.523868390211 -5.045166015625E-05
242.523868387686 -5.31768798828125E-05
243.523868385161 -5.46051025390625E-05
244.523868382637 -5.44586181640625E-05
245.523868380112 -5.37078857421875E-05
246.523868377587 -5.3289794921875E-05
247.523868375062 -5.45806884765625E-05
248.523868372538 -5.4461669921875E-05
249.523868370013 -5.546875E-05
250.523868367488 -5.39154052734375E-05
251.523868364963 -5.4327392578125E-05
252.523868362439 -5.26336669921875E-05
253.523868359914 -5.1678466796875E-05
254.523868357389 -4.9847412109375E-05
255.523868354864 -4.80133056640625E-05
256.523868352339 -4.75067138671875E-05
257.523868349815 -4.7210693359375E-05
258.52386834729 -4.72900390625E-05
259.523868344765 -4.70001220703125E-05
260.52386834224 -4.64996337890625E-05
261.523868339716 -4.66094970703125E-05
262.523868337191 -4.67193603515625E-05
263.523868334666 -4.71588134765625E-05
264.523868332141 -4.79217529296875E-05
265.523868329617 -4.73785400390625E-05
266.523868327092 -4.7064208984375E-05
267.523868324567 -4.73846435546875E-05
268.523868322042 -4.6783447265625E-05
269.523868319518 -4.64874267578125E-05
270.523868316993 -4.6942138671875E-05
271.523868314468 -4.70062255859375E-05
272.523868311943 -4.713134765625E-05
273.523868309419 -4.76104736328125E-05
274.523868306894 -5.0384521484375E-05
275.523868304369 -5.184326171875E-05
276.523868301844 -5.19805908203125E-05
277.52386829932 -5.21881103515625E-05
278.523868296795 -5.08331298828125E-05
279.52386829427 -4.99908447265625E-05
280.523868291745 -4.86114501953125E-05
281.523868289221 -4.88250732421875E-05
282.523868286696 -4.86541748046875E-05
283.523868284171 -4.82086181640625E-05
284.523868281646 -4.9017333984375E-05
285.523868279122 -4.94598388671875E-05
286.523868276597 -4.83551025390625E-05
287.523868274072 -4.715576171875E-05
288.523868271547 -4.688720703125E-05
289.523868269023 -4.6929931640625E-05
290.523868266498 -4.6405029296875E-05
291.523868263973 -4.60205078125E-05
292.523868261448 -4.5758056640625E-05
293.523868258923 -4.56573486328125E-05
294.523868256399 -4.58953857421875E-05
295.523868253874 -4.588623046875E-05
296.523868251349 -4.61669921875E-05
297.523868248824 -4.698486328125E-05
298.5238682463 -4.91943359375E-05
299.523868243775 -5.06591796875E-05
300.52386824125 -5.074462890625E-05
301.523868238725 -4.95452880859375E-05
302.523868236201 -4.82879638671875E-05
303.523868233676 -4.70123291015625E-05
304.523868231151 -4.71221923828125E-05
305.523868228626 -4.73175048828125E-05
306.523868226102 -4.85748291015625E-05
307.523868223577 -4.9224853515625E-05
308.523868221052 -4.96429443359375E-05
309.523868218527 -4.8651123046875E-05
310.523868216003 -4.87213134765625E-05
311.523868213478 -5.1190185546875E-05
312.523868210953 -5.07568359375E-05
313.523868208428 -5.0433349609375E-05
314.523868205904 -4.9664306640625E-05
315.523868203379 -5.03814697265625E-05
316.523868200854 -4.879150390625E-05
317.523868198329 -5.07568359375E-05
318.523868195805 -5.06317138671875E-05
319.52386819328 -5.05767822265625E-05
320.523868190755 -4.9627685546875E-05
321.52386818823 -5.14373779296875E-05
322.523868185706 -5.10650634765625E-05
323.523868183181 -5.07568359375E-05
324.523868180656 -5.18402099609375E-05
325.523868178131 -5.1385498046875E-05
326.523868175606 -5.16265869140625E-05
327.523868173082 -5.14373779296875E-05
328.523868170557 -5.23406982421875E-05
329.523868168032 -5.2655029296875E-05
330.523868165507 -5.07720947265625E-05
331.523868162983 -4.8193359375E-05
332.523868160458 -4.7979736328125E-05
333.523868157933 -4.981689453125E-05
334.523868155408 -5.22918701171875E-05
335.523868152884 -5.2374267578125E-05
336.523868150359 -5.22674560546875E-05
337.523868147834 -5.01556396484375E-05
338.523868145309 -4.94964599609375E-05
339.523868142785 -4.89715576171875E-05
340.52386814026 -4.8486328125E-05
341.523868137735 -4.9359130859375E-05
342.52386813521 -4.8321533203125E-05
343.523868132686 -4.9713134765625E-05
344.523868130161 -5.00396728515625E-05
345.523868127636 -4.9237060546875E-05
346.523868125111 -4.871826171875E-05
347.523868122587 -4.84222412109375E-05
348.523868120062 -4.8736572265625E-05
349.523868117537 -4.8309326171875E-05
350.523868115012 -4.9481201171875E-05
351.523868112488 -4.83428955078125E-05
352.523868109963 -4.7930908203125E-05
353.523868107438 -4.81781005859375E-05
354.523868104913 -4.76806640625E-05
355.523868102389 -4.73846435546875E-05
356.523868099864 -4.7119140625E-05
357.523868097339 -4.70855712890625E-05
358.523868094814 -4.69451904296875E-05
359.523868092289 -4.67437744140625E-05
360.523868089765 -4.66156005859375E-05
361.52386808724 -4.64263916015625E-05
362.523868084715 -4.62860107421875E-05
363.52386808219 -4.61761474609375E-05
364.523868079666 -4.60723876953125E-05
365.523868077141 -4.6063232421875E-05
366.523868074616 -4.6014404296875E-05
367.523868072091 -4.591064453125E-05
368.523868069567 -4.58251953125E-05
369.523868067042 -4.5751953125E-05
370.523868064517 -4.57305908203125E-05
371.523868061992 -4.57183837890625E-05
372.523868059468 -4.566650390625E-05
373.523868056943 -4.5611572265625E-05
374.523868054418 -4.55413818359375E-05
375.523868051893 -4.55413818359375E-05
376.523868049369 -4.54986572265625E-05
377.523868046844 -4.5477294921875E-05
378.523868044319 -4.54376220703125E-05
379.523868041794 -4.5404052734375E-05
380.52386803927 -4.53399658203125E-05
381.523868036745 -4.53704833984375E-05
382.52386803422 -4.53826904296875E-05
383.523868031695 -4.53369140625E-05
384.523868029171 -4.5306396484375E-05
385.523868026646 -4.53033447265625E-05
386.523868024121 -4.5263671875E-05
387.523868021596 -4.5245361328125E-05
388.523868019072 -4.522705078125E-05
389.523868016547 -4.53216552734375E-05
390.523868014022 -4.54437255859375E-05
391.523868011497 -4.54620361328125E-05
392.523868008973 -4.5428466796875E-05
393.523868006448 -4.54620361328125E-05
394.523868003923 -4.6038818359375E-05
395.523868001398 -4.66278076171875E-05
396.523867998873 -4.62005615234375E-05
397.523867996349 -4.60479736328125E-05
398.523867993824 -4.593505859375E-05
399.523867991299 -4.5648193359375E-05
400.523867988774 -4.55657958984375E-05
401.52386798625 -4.55352783203125E-05
402.523867983725 -4.5501708984375E-05
403.5238679812 -4.55322265625E-05
404.523867978675 -4.55047607421875E-05
405.523867976151 -4.54681396484375E-05
406.523867973626 -4.5489501953125E-05
407.523867971101 -4.54620361328125E-05
408.523867968576 -4.5440673828125E-05
409.523867966052 -4.54437255859375E-05
410.523867963527 -4.54193115234375E-05
411.523867961002 -4.54193115234375E-05
412.523867958477 -4.54132080078125E-05
413.523867955953 -4.53948974609375E-05
414.523867953428 -4.541015625E-05
415.523867950903 -4.54071044921875E-05
416.523867948378 -4.53948974609375E-05
417.523867945854 -4.54071044921875E-05
418.523867943329 -4.54193115234375E-05
419.523867940804 -4.542236328125E-05
420.523867938279 -4.5379638671875E-05
421.523867935755 -4.54010009765625E-05
422.52386793323 -4.5367431640625E-05
423.523867930705 -4.53125E-05
424.52386792818 -4.5263671875E-05
425.523867925656 -4.52178955078125E-05
426.523867923131 -4.51995849609375E-05
427.523867920606 -4.51751708984375E-05
428.523867918081 -4.51812744140625E-05
429.523867915556 -4.5159912109375E-05
430.523867913032 -4.5147705078125E-05
431.523867910507 -4.51416015625E-05
432.523867907982 -4.51995849609375E-05
433.523867905457 -4.515380859375E-05
434.523867902933 -4.5147705078125E-05
435.523867900408 -4.5166015625E-05
436.523867897883 -4.51690673828125E-05
437.523867895358 -4.51751708984375E-05
438.523867892834 -4.52178955078125E-05
439.523867890309 -4.521484375E-05
440.523867887784 -4.52362060546875E-05
441.523867885259 -4.52301025390625E-05
442.523867882735 -4.52911376953125E-05
443.52386788021 -4.53277587890625E-05
444.523867877685 -4.5330810546875E-05
445.52386787516 -4.53582763671875E-05
446.523867872636 -4.5355224609375E-05
447.523867870111 -4.53094482421875E-05
448.523867867586 -4.52850341796875E-05
449.523867865061 -4.53765869140625E-05
450.523867862537 -4.52850341796875E-05
451.523867860012 -4.54681396484375E-05
452.523867857487 -4.5526123046875E-05
453.523867854962 -4.55780029296875E-05
454.523867852438 -4.5562744140625E-05
455.523867849913 -4.5697021484375E-05
456.523867847388 -4.56756591796875E-05
457.523867844863 -4.56695556640625E-05
458.523867842339 -4.56939697265625E-05
459.523867839814 -4.5758056640625E-05
460.523867837289 -4.6075439453125E-05
461.523867834764 -4.65545654296875E-05
462.523867832239 -4.639892578125E-05
463.523867829715 -4.68292236328125E-05
464.52386782719 -4.72747802734375E-05
465.523867824665 -4.7003173828125E-05
466.52386782214 -4.76165771484375E-05
467.523867819616 -4.8919677734375E-05
468.523867817091 -4.80316162109375E-05
469.523867814566 -4.8193359375E-05
470.523867812041 -4.84619140625E-05
471.523867809517 -4.94354248046875E-05
472.523867806992 -5.13916015625E-05
473.523867804467 -5.126953125E-05
474.523867801942 -5.01129150390625E-05
475.523867799418 -5.00946044921875E-05
476.523867796893 -5.0494384765625E-05
477.523867794368 -5.15228271484375E-05
478.523867791843 -5.18646240234375E-05
479.523867789319 -5.24932861328125E-05
480.523867786794 -5.272216796875E-05
481.523867784269 -5.274658203125E-05
482.523867781744 -5.30548095703125E-05
483.52386777922 -5.29388427734375E-05
484.523867776695 -5.27130126953125E-05
485.52386777417 -5.0787353515625E-05
486.523867771645 -5.18096923828125E-05
487.523867769121 -5.062255859375E-05
488.523867766596 -4.97100830078125E-05
489.523867764071 -5.0079345703125E-05
490.523867761546 -5.0445556640625E-05
491.523867759022 -5.06439208984375E-05
492.523867756497 -5.05126953125E-05
493.523867753972 -5.108642578125E-05
494.523867751447 -5.0579833984375E-05
495.523867748923 -4.9468994140625E-05
496.523867746398 -4.92095947265625E-05
497.523867743873 -4.90142822265625E-05
498.523867741348 -4.8516845703125E-05
499.523867738823 -4.80712890625E-05
500.523867736299 -4.7845458984375E-05
501.523867733774 -4.771728515625E-05
502.523867731249 -4.7906494140625E-05
503.523867728724 -4.80621337890625E-05
504.5238677262 -4.80987548828125E-05
505.523867723675 -4.7845458984375E-05
506.52386772115 -4.76104736328125E-05
507.523867718625 -4.76776123046875E-05
508.523867716101 -4.75982666015625E-05
509.523867713576 -4.74822998046875E-05
510.523867711051 -4.7393798828125E-05
511.523867708526 -4.73663330078125E-05
512.523867706002 -4.73052978515625E-05
513.523867703477 -4.7216796875E-05
514.523867700952 -4.71832275390625E-05
515.523867698427 -4.72076416015625E-05
516.523867695903 -4.71588134765625E-05
517.523867693378 -4.7039794921875E-05
518.523867690853 -4.6966552734375E-05
519.523867688328 -4.6881103515625E-05
520.523867685804 -4.68505859375E-05
521.523867683279 -4.6746826171875E-05
522.523867680754 -4.67132568359375E-05
523.523867678229 -4.66827392578125E-05
524.523867675705 -4.6630859375E-05
525.52386767318 -4.66094970703125E-05
526.523867670655 -4.6624755859375E-05
527.52386766813 -4.66094970703125E-05
528.523867665606 -4.65789794921875E-05
529.523867663081 -4.65789794921875E-05
530.523867660556 -4.654541015625E-05
531.523867658031 -4.654541015625E-05
532.523867655506 -4.6527099609375E-05
533.523867652982 -4.6527099609375E-05
534.523867650457 -4.65667724609375E-05
535.523867647932 -4.65576171875E-05
536.523867645407 -4.65362548828125E-05
537.523867642883 -4.649658203125E-05
538.523867640358 -4.6502685546875E-05
539.523867637833 -4.64447021484375E-05
540.523867635308 -4.6435546875E-05
541.523867632784 -4.642333984375E-05
542.523867630259 -4.6392822265625E-05
543.523867627734 -4.638671875E-05
544.523867625209 -4.63409423828125E-05
545.523867622685 -4.6331787109375E-05
546.52386762016 -4.63287353515625E-05
547.523867617635 -4.62890625E-05
548.52386761511 -4.62493896484375E-05
549.523867612586 -4.622802734375E-05
550.523867610061 -4.6197509765625E-05
551.523867607536 -4.615478515625E-05
552.523867605011 -4.609375E-05
553.523867602487 -4.61029052734375E-05
554.523867599962 -4.6112060546875E-05
555.523867597437 -4.610595703125E-05
556.523867594912 -4.60723876953125E-05
557.523867592388 -4.60540771484375E-05
558.523867589863 -4.6038818359375E-05
559.523867587338 -4.60205078125E-05
560.523867584813 -4.6063232421875E-05
561.523867582289 -4.608154296875E-05
562.523867579764 -4.6136474609375E-05
563.523867577239 -4.6063232421875E-05
564.523867574714 -4.60601806640625E-05
565.523867572189 -4.61334228515625E-05
566.523867569665 -4.61517333984375E-05
567.52386756714 -4.6197509765625E-05
568.523867564615 -4.6246337890625E-05
569.52386756209 -4.62005615234375E-05
570.523867559566 -4.62982177734375E-05
571.523867557041 -4.61822509765625E-05
572.523867554516 -4.625244140625E-05
573.523867551991 -4.63226318359375E-05
574.523867549467 -4.6551513671875E-05
575.523867546942 -4.6746826171875E-05
576.523867544417 -4.69573974609375E-05
577.523867541892 -4.6905517578125E-05
578.523867539368 -4.66766357421875E-05
579.523867536843 -4.68597412109375E-05
580.523867534318 -4.656982421875E-05
581.523867531793 -4.66522216796875E-05
582.523867529269 -4.6527099609375E-05
583.523867526744 -4.64263916015625E-05
584.523867524219 -4.6356201171875E-05
585.523867521694 -4.63470458984375E-05
586.52386751917 -4.6368408203125E-05
587.523867516645 -4.63531494140625E-05
588.52386751412 -4.63104248046875E-05
589.523867511595 -4.6319580078125E-05
590.523867509071 -4.6295166015625E-05
591.523867506546 -4.63165283203125E-05
592.523867504021 -4.62738037109375E-05
593.523867501496 -4.62432861328125E-05
594.523867498972 -4.620361328125E-05
595.523867496447 -4.61578369140625E-05
596.523867493922 -4.60662841796875E-05
597.523867491397 -4.603271484375E-05
598.523867488873 -4.60113525390625E-05
599.523867486348 -4.60357666015625E-05
600.523867483823 -4.6075439453125E-05
601.523867481298 -4.60693359375E-05
602.523867478773 -4.60693359375E-05
603.523867476249 -4.61151123046875E-05
604.523867473724 -4.6160888671875E-05
605.523867471199 -4.61883544921875E-05
606.523867468674 -4.63043212890625E-05
607.52386746615 -4.642333984375E-05
608.523867463625 -4.6527099609375E-05
609.5238674611 -4.6533203125E-05
610.523867458575 -4.65606689453125E-05
611.523867456051 -4.666748046875E-05
612.523867453526 -4.65911865234375E-05
613.523867451001 -4.64996337890625E-05
614.523867448476 -4.64111328125E-05
615.523867445952 -4.6417236328125E-05
616.523867443427 -4.63592529296875E-05
617.523867440902 -4.63287353515625E-05
618.523867438377 -4.6343994140625E-05
619.523867435853 -4.632568359375E-05
620.523867433328 -4.632568359375E-05
621.523867430803 -4.63653564453125E-05
622.523867428278 -4.6392822265625E-05
623.523867425754 -4.6588134765625E-05
624.523867423229 -4.681396484375E-05
625.523867420704 -4.67803955078125E-05
626.523867418179 -4.6759033203125E-05
627.523867415655 -4.6746826171875E-05
628.52386741313 -4.67193603515625E-05
629.523867410605 -4.67254638671875E-05
630.52386740808 -4.66705322265625E-05
631.523867405556 -4.6710205078125E-05
632.523867403031 -4.66766357421875E-05
633.523867400506 -4.66827392578125E-05
634.523867397981 -4.6673583984375E-05
635.523867395456 -4.66766357421875E-05
636.523867392932 -4.669189453125E-05
637.523867390407 -4.67132568359375E-05
638.523867387882 -4.67315673828125E-05
639.523867385357 -4.681396484375E-05
640.523867382833 -4.68353271484375E-05
641.523867380308 -4.68780517578125E-05
642.523867377783 -4.6978759765625E-05
643.523867375258 -4.70855712890625E-05
644.523867372734 -4.74029541015625E-05
645.523867370209 -4.73968505859375E-05
646.523867367684 -4.7442626953125E-05
647.523867365159 -4.78607177734375E-05
648.523867362635 -4.80255126953125E-05
649.52386736011 -4.8065185546875E-05
650.523867357585 -4.80255126953125E-05
651.52386735506 -4.79888916015625E-05
652.523867352536 -4.774169921875E-05
653.523867350011 -4.7650146484375E-05
654.523867347486 -4.744873046875E-05
655.523867344961 -4.76043701171875E-05
656.523867342437 -4.80133056640625E-05
657.523867339912 -4.79827880859375E-05
658.523867337387 -4.7723388671875E-05
659.523867334862 -4.75738525390625E-05
660.523867332338 -4.75128173828125E-05
661.523867329813 -4.74884033203125E-05
662.523867327288 -4.744873046875E-05
663.523867324763 -4.7564697265625E-05
664.523867322239 -4.75494384765625E-05
665.523867319714 -4.75372314453125E-05
666.523867317189 -4.752197265625E-05
667.523867314664 -4.76715087890625E-05
668.523867312139 -4.75677490234375E-05
669.523867309615 -4.75006103515625E-05
670.52386730709 -4.744873046875E-05
671.523867304565 -4.735107421875E-05
672.52386730204 -4.72808837890625E-05
673.523867299516 -4.72564697265625E-05
674.523867296991 -4.7296142578125E-05
675.523867294466 -4.73541259765625E-05
676.523867291941 -4.73541259765625E-05
677.523867289417 -4.73663330078125E-05
678.523867286892 -4.7442626953125E-05
679.523867284367 -4.72991943359375E-05
680.523867281842 -4.725341796875E-05
681.523867279318 -4.73114013671875E-05
682.523867276793 -4.725341796875E-05
683.523867274268 -4.72503662109375E-05
684.523867271743 -4.71893310546875E-05
685.523867269219 -4.715576171875E-05
686.523867266694 -4.71435546875E-05
687.523867264169 -4.70916748046875E-05
688.523867261644 -4.70794677734375E-05
689.52386725912 -4.70550537109375E-05
690.523867256595 -4.700927734375E-05
691.52386725407 -4.69635009765625E-05
692.523867251545 -4.68719482421875E-05
693.523867249021 -4.6820068359375E-05
694.523867246496 -4.67926025390625E-05
695.523867243971 -4.67926025390625E-05
696.523867241446 -4.6734619140625E-05
697.523867238922 -4.67742919921875E-05
698.523867236397 -4.666748046875E-05
699.523867233872 -4.664306640625E-05
700.523867231347 -4.661865234375E-05
701.523867228823 -4.66217041015625E-05
702.523867226298 -4.66033935546875E-05
703.523867223773 -4.6630859375E-05
704.523867221248 -4.6661376953125E-05
705.523867218723 -4.66644287109375E-05
706.523867216199 -4.6600341796875E-05
707.523867213674 -4.66400146484375E-05
708.523867211149 -4.66461181640625E-05
709.523867208624 -4.66766357421875E-05
710.5238672061 -4.66827392578125E-05
711.523867203575 -4.66888427734375E-05
712.52386720105 -4.67437744140625E-05
713.523867198525 -4.68414306640625E-05
714.523867196001 -4.68963623046875E-05
715.523867193476 -4.686279296875E-05
716.523867190951 -4.6929931640625E-05
717.523867188426 -4.71343994140625E-05
718.523867185902 -4.72320556640625E-05
719.523867183377 -4.74395751953125E-05
720.523867180852 -4.78790283203125E-05
721.523867178327 -4.78271484375E-05
722.523867175803 -4.8883056640625E-05
723.523867173278 -4.921875E-05
724.523867170753 -4.90264892578125E-05
725.523867168228 -4.830322265625E-05
726.523867165704 -4.81292724609375E-05
727.523867163179 -4.88006591796875E-05
728.523867160654 -4.87030029296875E-05
729.523867158129 -4.87701416015625E-05
730.523867155605 -4.88433837890625E-05
731.52386715308 -4.88311767578125E-05
732.523867150555 -4.82421875E-05
733.52386714803 -4.87030029296875E-05
734.523867145506 -4.92340087890625E-05
735.523867142981 -4.886474609375E-05
736.523867140456 -4.886474609375E-05
737.523867137931 -4.853515625E-05
738.523867135406 -4.8773193359375E-05
739.523867132882 -4.87060546875E-05
740.523867130357 -4.84619140625E-05
741.523867127832 -4.80316162109375E-05
742.523867125307 -4.85198974609375E-05
743.523867122783 -4.820556640625E-05
744.523867120258 -4.81170654296875E-05
745.523867117733 -4.79766845703125E-05
746.523867115208 -4.7705078125E-05
747.523867112684 -4.75372314453125E-05
748.523867110159 -4.75433349609375E-05
749.523867107634 -4.7491455078125E-05
750.523867105109 -4.747314453125E-05
751.523867102585 -4.74578857421875E-05
752.52386710006 -4.7467041015625E-05
753.523867097535 -4.74212646484375E-05
754.52386709501 -4.74365234375E-05
755.523867092486 -4.73846435546875E-05
756.523867089961 -4.7357177734375E-05
757.523867087436 -4.73114013671875E-05
758.523867084911 -4.73388671875E-05
759.523867082387 -4.7265625E-05
760.523867079862 -4.7271728515625E-05
761.523867077337 -4.7357177734375E-05
762.523867074812 -4.73541259765625E-05
763.523867072288 -4.7412109375E-05
764.523867069763 -4.7381591796875E-05
765.523867067238 -4.73175048828125E-05
766.523867064713 -4.7283935546875E-05
767.523867062189 -4.72137451171875E-05
768.523867059664 -4.7210693359375E-05
769.523867057139 -4.72747802734375E-05
770.523867054614 -4.7235107421875E-05
771.523867052089 -4.72381591796875E-05
772.523867049565 -4.72198486328125E-05
773.52386704704 -4.72320556640625E-05
774.523867044515 -4.73785400390625E-05
775.52386704199 -4.73907470703125E-05
776.523867039466 -4.73907470703125E-05
777.523867036941 -4.73602294921875E-05
778.523867034416 -4.73388671875E-05
779.523867031891 -4.732666015625E-05
780.523867029367 -4.735107421875E-05
781.523867026842 -4.73114013671875E-05
782.523867024317 -4.72991943359375E-05
783.523867021792 -4.73388671875E-05
784.523867019268 -4.72442626953125E-05
785.523867016743 -4.7314453125E-05
786.523867014218 -4.7235107421875E-05
787.523867011693 -4.7235107421875E-05
788.523867009169 -4.72869873046875E-05
789.523867006644 -4.7296142578125E-05
790.523867004119 -4.730224609375E-05
791.523867001594 -4.7283935546875E-05
792.52386699907 -4.72869873046875E-05
793.523866996545 -4.72503662109375E-05
794.52386699402 -4.72900390625E-05
795.523866991495 -4.722900390625E-05
796.523866988971 -4.72381591796875E-05
797.523866986446 -4.7216796875E-05
798.523866983921 -4.71160888671875E-05
799.523866981396 -4.70672607421875E-05
800.523866978872 -4.70916748046875E-05
801.523866976347 -4.70916748046875E-05
802.523866973822 -4.70916748046875E-05
803.523866971297 -4.70855712890625E-05
804.523866968773 -4.7100830078125E-05
805.523866966248 -4.70916748046875E-05
806.523866963723 -4.7088623046875E-05
807.523866961198 -4.70855712890625E-05
808.523866958673 -4.703369140625E-05
809.523866956149 -4.70184326171875E-05
810.523866953624 -4.7052001953125E-05
811.523866951099 -4.70458984375E-05
812.523866948574 -4.70001220703125E-05
813.52386694605 -4.6954345703125E-05
814.523866943525 -4.69757080078125E-05
815.523866941 -4.69512939453125E-05
816.523866938475 -4.68994140625E-05
817.523866935951 -4.6966552734375E-05
818.523866933426 -4.70123291015625E-05
819.523866930901 -4.69390869140625E-05
820.523866928376 -4.6905517578125E-05
821.523866925852 -4.6954345703125E-05
822.523866923327 -4.69024658203125E-05
823.523866920802 -4.7021484375E-05
824.523866918277 -4.69268798828125E-05
825.523866915753 -4.70001220703125E-05
826.523866913228 -4.68902587890625E-05
827.523866910703 -4.68536376953125E-05
828.523866908178 -4.68231201171875E-05
829.523866905654 -4.67529296875E-05
830.523866903129 -4.671630859375E-05
831.523866900604 -4.67254638671875E-05
832.523866898079 -4.68231201171875E-05
833.523866895555 -4.68475341796875E-05
834.52386689303 -4.6746826171875E-05
835.523866890505 -4.67742919921875E-05
836.52386688798 -4.6771240234375E-05
837.523866885456 -4.67132568359375E-05
838.523866882931 -4.65362548828125E-05
839.523866880406 -4.65057373046875E-05
840.523866877881 -4.649658203125E-05
841.523866875356 -4.65667724609375E-05
842.523866872832 -4.65240478515625E-05
843.523866870307 -4.65423583984375E-05
844.523866867782 -4.6484375E-05
845.523866865257 -4.6490478515625E-05
846.523866862733 -4.65057373046875E-05
847.523866860208 -4.647216796875E-05
848.523866857683 -4.6490478515625E-05
849.523866855158 -4.64874267578125E-05
850.523866852634 -4.65118408203125E-05
851.523866850109 -4.64508056640625E-05
852.523866847584 -4.65057373046875E-05
853.523866845059 -4.65301513671875E-05
854.523866842535 -4.6484375E-05
855.52386684001 -4.64813232421875E-05
856.523866837485 -4.642333984375E-05
857.52386683496 -4.66522216796875E-05
858.523866832436 -4.6881103515625E-05
859.523866829911 -4.6856689453125E-05
860.523866827386 -4.678955078125E-05
861.523866824861 -4.69818115234375E-05
862.523866822337 -4.68902587890625E-05
863.523866819812 -4.6795654296875E-05
864.523866817287 -4.68292236328125E-05
865.523866814762 -4.6807861328125E-05
866.523866812238 -4.67620849609375E-05
867.523866809713 -4.664306640625E-05
868.523866807188 -4.661865234375E-05
869.523866804663 -4.66400146484375E-05
870.523866802139 -4.6575927734375E-05
871.523866799614 -4.6533203125E-05
872.523866797089 -4.6673583984375E-05
873.523866794564 -4.66064453125E-05
874.523866792039 -4.67803955078125E-05
875.523866789515 -4.67254638671875E-05
876.52386678699 -4.66583251953125E-05
877.523866784465 -4.65972900390625E-05
878.52386678194 -4.65576171875E-05
879.523866779416 -4.664306640625E-05
880.523866776891 -4.66094970703125E-05
881.523866774366 -4.6630859375E-05
882.523866771841 -4.68780517578125E-05
883.523866769317 -4.69757080078125E-05
884.523866766792 -4.69451904296875E-05
885.523866764267 -4.68475341796875E-05
886.523866761742 -4.710693359375E-05
887.523866759218 -4.68292236328125E-05
888.523866756693 -4.67041015625E-05
889.523866754168 -4.66461181640625E-05
890.523866751643 -4.66949462890625E-05
891.523866749119 -4.66949462890625E-05
892.523866746594 -4.6630859375E-05
893.523866744069 -4.66033935546875E-05
894.523866741544 -4.66522216796875E-05
895.52386673902 -4.6527099609375E-05
896.523866736495 -4.64813232421875E-05
897.52386673397 -4.638671875E-05
898.523866731445 -4.649658203125E-05
899.523866728921 -4.65179443359375E-05
900.523866726396 -4.64141845703125E-05
901.523866723871 -4.6356201171875E-05
902.523866721346 -4.63775634765625E-05
903.523866718822 -4.638671875E-05
904.523866716297 -4.6368408203125E-05
905.523866713772 -4.64141845703125E-05
906.523866711247 -4.64202880859375E-05
907.523866708722 -4.63592529296875E-05
908.523866706198 -4.6356201171875E-05
909.523866703673 -4.63287353515625E-05
910.523866701148 -4.62677001953125E-05
911.523866698623 -4.62493896484375E-05
912.523866696099 -4.61639404296875E-05
913.523866693574 -4.61029052734375E-05
914.523866691049 -4.6063232421875E-05
915.523866688524 -4.60174560546875E-05
916.523866686 -4.60113525390625E-05
917.523866683475 -4.60113525390625E-05
918.52386668095 -4.6051025390625E-05
919.523866678425 -4.5989990234375E-05
920.523866675901 -4.59625244140625E-05
921.523866673376 -4.58953857421875E-05
922.523866670851 -4.58984375E-05
923.523866668326 -4.5855712890625E-05
924.523866665802 -4.595947265625E-05
925.523866663277 -4.5928955078125E-05
926.523866660752 -4.59686279296875E-05
927.523866658227 -4.60205078125E-05
928.523866655703 -4.603271484375E-05
929.523866653178 -4.598388671875E-05
930.523866650653 -4.59259033203125E-05
931.523866648128 -4.59014892578125E-05
932.523866645604 -4.58892822265625E-05
933.523866643079 -4.58770751953125E-05
934.523866640554 -4.59320068359375E-05
935.523866638029 -4.588623046875E-05
936.523866635505 -4.58892822265625E-05
937.52386663298 -4.58465576171875E-05
938.523866630455 -4.57794189453125E-05
939.52386662793 -4.583740234375E-05
940.523866625406 -4.5831298828125E-05
941.523866622881 -4.5770263671875E-05
942.523866620356 -4.578857421875E-05
943.523866617831 -4.57550048828125E-05
944.523866615306 -4.586181640625E-05
945.523866612782 -4.576416015625E-05
946.523866610257 -4.5782470703125E-05
947.523866607732 -4.57611083984375E-05
948.523866605207 -4.57794189453125E-05
949.523866602683 -4.5806884765625E-05
950.523866600158 -4.5916748046875E-05
951.523866597633 -4.58953857421875E-05
952.523866595108 -4.591064453125E-05
953.523866592584 -4.5794677734375E-05
954.523866590059 -4.58282470703125E-05
955.523866587534 -4.5794677734375E-05
956.523866585009 -4.581298828125E-05
957.523866582485 -4.57977294921875E-05
958.52386657996 -4.580078125E-05
959.523866577435 -4.5819091796875E-05
960.52386657491 -4.58465576171875E-05
961.523866572386 -4.581298828125E-05
962.523866569861 -4.57763671875E-05
963.523866567336 -4.5770263671875E-05
964.523866564811 -4.57550048828125E-05
965.523866562287 -4.58221435546875E-05
966.523866559762 -4.5819091796875E-05
967.523866557237 -4.5782470703125E-05
968.523866554712 -4.58282470703125E-05
969.523866552188 -4.58038330078125E-05
970.523866549663 -4.56756591796875E-05
971.523866547138 -4.5721435546875E-05
972.523866544613 -4.5709228515625E-05
973.523866542089 -4.5672607421875E-05
974.523866539564 -4.58038330078125E-05
975.523866537039 -4.591064453125E-05
976.523866534514 -4.59320068359375E-05
977.523866531989 -4.6026611328125E-05
978.523866529465 -4.58526611328125E-05
979.52386652694 -4.57977294921875E-05
980.523866524415 -4.5819091796875E-05
981.52386652189 -4.57000732421875E-05
982.523866519366 -4.56329345703125E-05
983.523866516841 -4.564208984375E-05
984.523866514316 -4.55810546875E-05
985.523866511791 -4.561767578125E-05
986.523866509267 -4.549560546875E-05
987.523866506742 -4.55291748046875E-05
988.523866504217 -4.54986572265625E-05
989.523866501692 -4.5501708984375E-05
990.523866499168 -4.55169677734375E-05
991.523866496643 -4.5465087890625E-05
992.523866494118 -4.576416015625E-05
993.523866491593 -4.56024169921875E-05
994.523866489069 -4.5440673828125E-05
995.523866486544 -4.53277587890625E-05
996.523866484019 -4.52789306640625E-05
997.523866481494 -4.520263671875E-05
998.52386647897 -4.517822265625E-05
999.523866476445 -4.51416015625E-05
1000.52386647392 -4.510498046875E-05
1001.5238664714 -4.5098876953125E-05
1002.52386646887 -4.5013427734375E-05
1003.52386646635 -4.50164794921875E-05
1004.52386646382 -4.49676513671875E-05
1005.5238664613 -4.50042724609375E-05
1006.52386645877 -4.493408203125E-05
1007.52386645625 -4.4854736328125E-05
1008.52386645372 -4.4757080078125E-05
1009.5238664512 -4.47113037109375E-05
1010.52386644867 -4.4647216796875E-05
1011.52386644615 -4.46319580078125E-05
1012.52386644362 -4.46075439453125E-05
1013.5238664411 -4.44610595703125E-05
1014.52386643857 -4.4451904296875E-05
1015.52386643605 -4.4378662109375E-05
1016.52386643352 -4.429931640625E-05
1017.523866431 -4.42626953125E-05
1018.52386642847 -4.43115234375E-05
1019.52386642595 -4.42047119140625E-05
1020.52386642342 -4.4232177734375E-05
1021.5238664209 -4.4219970703125E-05
1022.52386641838 -4.42108154296875E-05
1023.52386641585 -4.43206787109375E-05
1024.52386641333 -4.40765380859375E-05
1025.5238664108 -4.40826416015625E-05
1026.52386640828 -4.40338134765625E-05
1027.52386640575 -4.4024658203125E-05
1028.52386640323 -4.39910888671875E-05
1029.5238664007 -4.40185546875E-05
1030.52386639818 -4.39605712890625E-05
1031.52386639565 -4.38690185546875E-05
1032.52386639313 -4.3792724609375E-05
1033.5238663906 -4.37255859375E-05
1034.52386638808 -4.37744140625E-05
1035.52386638555 -4.36492919921875E-05
1036.52386638303 -4.36065673828125E-05
1037.5238663805 -4.3609619140625E-05
1038.52386637798 -4.35821533203125E-05
1039.52386637545 -4.35791015625E-05
1040.52386637293 -4.35302734375E-05
1041.5238663704 -4.35760498046875E-05
1042.52386636788 -4.35546875E-05
1043.52386636536 -4.351806640625E-05
1044.52386636283 -4.34417724609375E-05
1045.52386636031 -4.34814453125E-05
1046.52386635778 -4.3511962890625E-05
1047.52386635526 -4.35211181640625E-05
1048.52386635273 -4.35394287109375E-05
1049.52386635021 -4.34967041015625E-05
1050.52386634768 -4.3634033203125E-05
1051.52386634516 -4.36065673828125E-05
1052.52386634263 -4.35791015625E-05
1053.52386634011 -4.40185546875E-05
1054.52386633758 -4.36431884765625E-05
1055.52386633506 -4.3572998046875E-05
1056.52386633253 -4.3536376953125E-05
1057.52386633001 -4.34844970703125E-05
1058.52386632748 -4.351806640625E-05
1059.52386632496 -4.35577392578125E-05
1060.52386632243 -4.34234619140625E-05
1061.52386631991 -4.4390869140625E-05
1062.52386631739 -4.354248046875E-05
1063.52386631486 -4.35272216796875E-05
1064.52386631234 -4.349365234375E-05
1065.52386630981 -4.34661865234375E-05
1066.52386630729 -4.34234619140625E-05
1067.52386630476 -4.34295654296875E-05
1068.52386630224 -4.36187744140625E-05
1069.52386629971 -4.33441162109375E-05
1070.52386629719 -4.34234619140625E-05
1071.52386629466 -4.3499755859375E-05
1072.52386629214 -4.3609619140625E-05
1073.52386628961 -4.36981201171875E-05
1074.52386628709 -4.39117431640625E-05
1075.52386628456 -4.356689453125E-05
1076.52386628204 -4.37164306640625E-05
1077.52386627951 -4.3609619140625E-05
1078.52386627699 -4.364013671875E-05
1079.52386627446 -4.371337890625E-05
1080.52386627194 -4.37591552734375E-05
1081.52386626941 -4.3511962890625E-05
1082.52386626689 -4.3609619140625E-05
1083.52386626437 -4.37103271484375E-05
1084.52386626184 -4.3707275390625E-05
1085.52386625932 -4.3609619140625E-05
1086.52386625679 -4.36279296875E-05
1087.52386625427 -4.39178466796875E-05
1088.52386625174 -4.412841796875E-05
1089.52386624922 -4.405517578125E-05
1090.52386624669 -4.38446044921875E-05
1091.52386624417 -4.390869140625E-05
1092.52386624164 -4.40704345703125E-05
1093.52386623912 -4.405517578125E-05
1094.52386623659 -4.39483642578125E-05
1095.52386623407 -4.38873291015625E-05
1096.52386623154 -4.42108154296875E-05
1097.52386622902 -4.39910888671875E-05
1098.52386622649 -4.398193359375E-05
1099.52386622397 -4.38201904296875E-05
1100.52386622144 -4.373779296875E-05
1101.52386621892 -4.37896728515625E-05
1102.52386621639 -4.39239501953125E-05
1103.52386621387 -4.3939208984375E-05
1104.52386621135 -4.383544921875E-05
1105.52386620882 -4.39056396484375E-05
1106.5238662063 -4.390869140625E-05
1107.52386620377 -4.38568115234375E-05
1108.52386620125 -4.381103515625E-05
1109.52386619872 -4.37286376953125E-05
1110.5238661962 -4.38140869140625E-05
1111.52386619367 -4.42291259765625E-05
1112.52386619115 -4.4354248046875E-05
1113.52386618862 -4.464111328125E-05
1114.5238661861 -4.5196533203125E-05
1115.52386618357 -4.57244873046875E-05
1116.52386618105 -4.56024169921875E-05
1117.52386617852 -4.65972900390625E-05
1118.523866176 -4.6875E-05
1119.52386617347 -4.7265625E-05
1120.52386617095 -4.75433349609375E-05
1121.52386616842 -4.7979736328125E-05
1122.5238661659 -4.78790283203125E-05
1123.52386616337 -4.80743408203125E-05
1124.52386616085 -4.73663330078125E-05
1125.52386615833 -4.683837890625E-05
1126.5238661558 -4.710693359375E-05
1127.52386615328 -4.68536376953125E-05
1128.52386615075 -4.58984375E-05
1129.52386614823 -4.63348388671875E-05
1130.5238661457 -4.5916748046875E-05
1131.52386614318 -4.51080322265625E-05
1132.52386614065 -4.5654296875E-05
1133.52386613813 -4.5391845703125E-05
1134.5238661356 -4.5263671875E-05
1135.52386613308 -4.5269775390625E-05
1136.52386613055 -4.5172119140625E-05
1137.52386612803 -4.5721435546875E-05
1138.5238661255 -4.527587890625E-05
1139.52386612298 -4.50592041015625E-05
1140.52386612045 -4.5904541015625E-05
1141.52386611793 -4.6142578125E-05
1142.5238661154 -4.56817626953125E-05
1143.52386611288 -4.508056640625E-05
1144.52386611035 -4.48822021484375E-05
1145.52386610783 -4.57000732421875E-05
1146.52386610531 -4.56390380859375E-05
1147.52386610278 -4.46807861328125E-05
1148.52386610026 -4.4891357421875E-05
1149.52386609773 -4.44732666015625E-05
1150.52386609521 -4.4342041015625E-05
1151.52386609268 -4.3975830078125E-05
1152.52386609016 -4.39849853515625E-05
1153.52386608763 -4.4110107421875E-05
1154.52386608511 -4.39971923828125E-05
1155.52386608258 -4.41162109375E-05
1156.52386608006 -4.4293212890625E-05
1157.52386607753 -4.451904296875E-05
1158.52386607501 -4.46807861328125E-05
1159.52386607248 -4.50836181640625E-05
1160.52386606996 -4.59381103515625E-05
1161.52386606743 -4.716796875E-05
1162.52386606491 -4.61700439453125E-05
1163.52386606238 -4.56939697265625E-05
1164.52386605986 -4.4970703125E-05
1165.52386605734 -4.48089599609375E-05
1166.52386605481 -4.45526123046875E-05
1167.52386605229 -4.43695068359375E-05
1168.52386604976 -4.42352294921875E-05
1169.52386604724 -4.453125E-05
1170.52386604471 -4.48089599609375E-05
1171.52386604219 -4.478759765625E-05
1172.52386603966 -4.5196533203125E-05
1173.52386603714 -4.4677734375E-05
1174.52386603461 -4.4384765625E-05
1175.52386603209 -4.422607421875E-05
1176.52386602956 -4.40521240234375E-05
1177.52386602704 -4.4073486328125E-05
1178.52386602451 -4.4091796875E-05
1179.52386602199 -4.40948486328125E-05
1180.52386601946 -4.41558837890625E-05
1181.52386601694 -4.42047119140625E-05
1182.52386601441 -4.4549560546875E-05
1183.52386601189 -4.464111328125E-05
1184.52386600936 -4.488525390625E-05
1185.52386600684 -4.47723388671875E-05
1186.52386600432 -4.56329345703125E-05
1187.52386600179 -4.683837890625E-05
1188.52386599927 -4.66949462890625E-05
1189.52386599674 -4.66705322265625E-05
1190.52386599422 -4.7283935546875E-05
1191.52386599169 -4.78363037109375E-05
1192.52386598917 -4.7991943359375E-05
1193.52386598664 -4.6917724609375E-05
1194.52386598412 -4.73388671875E-05
1195.52386598159 -4.7125244140625E-05
1196.52386597907 -4.82391357421875E-05
1197.52386597654 -4.89990234375E-05
1198.52386597402 -4.862060546875E-05
1199.52386597149 -4.94140625E-05
1200.52386596897 -4.87762451171875E-05
1201.52386596644 -4.92340087890625E-05
1202.52386596392 -4.8492431640625E-05
1203.52386596139 -4.95269775390625E-05
1204.52386595887 -4.9761962890625E-05
1205.52386595634 -5.00640869140625E-05
1206.52386595382 -4.99786376953125E-05
1207.5238659513 -4.974365234375E-05
1208.52386594877 -4.9755859375E-05
1209.52386594625 -4.98046875E-05
1210.52386594372 -5.01739501953125E-05
1211.5238659412 -4.97314453125E-05
1212.52386593867 -4.88677978515625E-05
1213.52386593615 -4.7308349609375E-05
1214.52386593362 -4.8291015625E-05
1215.5238659311 -4.98138427734375E-05
1216.52386592857 -5.0335693359375E-05
1217.52386592605 -5.03082275390625E-05
1218.52386592352 -5.03875732421875E-05
1219.523865921 -5.01678466796875E-05
1220.52386591847 -5.009765625E-05
1221.52386591595 -4.9920654296875E-05
1222.52386591342 -4.95819091796875E-05
1223.5238659109 -4.95819091796875E-05
1224.52386590837 -4.94659423828125E-05
1225.52386590585 -4.94964599609375E-05
1226.52386590332 -4.96856689453125E-05
1227.5238659008 -4.8870849609375E-05
1228.52386589828 -4.94171142578125E-05
1229.52386589575 -5.02899169921875E-05
1230.52386589323 -4.9481201171875E-05
1231.5238658907 -4.86083984375E-05
1232.52386588818 -4.84130859375E-05
1233.52386588565 -4.96368408203125E-05
1234.52386588313 -4.901123046875E-05
1235.5238658806 -4.8931884765625E-05
1236.52386587808 -4.8504638671875E-05
1237.52386587555 -4.8291015625E-05
1238.52386587303 -4.910888671875E-05
1239.5238658705 -4.984130859375E-05
1240.52386586798 -5.04791259765625E-05
1241.52386586545 -5.10498046875E-05
1242.52386586293 -5.048828125E-05
1243.5238658604 -5.03570556640625E-05
1244.52386585788 -4.94781494140625E-05
1245.52386585535 -5.0146484375E-05
1246.52386585283 -5.1123046875E-05
1247.5238658503 -5.01739501953125E-05
1248.52386584778 -5.0970458984375E-05
1249.52386584526 -5.05950927734375E-05
1250.52386584273 -5.1068115234375E-05
1251.52386584021 -5.02288818359375E-05
1252.52386583768 -5.067138671875E-05
1253.52386583516 -5.04150390625E-05
1254.52386583263 -5.09307861328125E-05
1255.52386583011 -4.90692138671875E-05
1256.52386582758 -4.84649658203125E-05
1257.52386582506 -4.892578125E-05
1258.52386582253 -4.815673828125E-05
1259.52386582001 -4.90386962890625E-05
1260.52386581748 -4.79248046875E-05
1261.52386581496 -4.9102783203125E-05
1262.52386581243 -4.8614501953125E-05
1263.52386580991 -4.8236083984375E-05
1264.52386580738 -4.92828369140625E-05
1265.52386580486 -4.95849609375E-05
1266.52386580233 -4.95452880859375E-05
1267.52386579981 -4.8931884765625E-05
1268.52386579729 -4.9871826171875E-05
1269.52386579476 -4.93194580078125E-05
1270.52386579224 -4.98382568359375E-05
1271.52386578971 -4.93621826171875E-05
1272.52386578719 -4.8382568359375E-05
1273.52386578466 -4.7906494140625E-05
1274.52386578214 -4.78546142578125E-05
1275.52386577961 -4.747314453125E-05
1276.52386577709 -4.70794677734375E-05
1277.52386577456 -4.64447021484375E-05
1278.52386577204 -4.6209716796875E-05
1279.52386576951 -4.61090087890625E-05
1280.52386576699 -4.59259033203125E-05
1281.52386576446 -4.588623046875E-05
1282.52386576194 -4.57427978515625E-05
1283.52386575941 -4.57275390625E-05
1284.52386575689 -4.57489013671875E-05
1285.52386575436 -4.55657958984375E-05
1286.52386575184 -4.56146240234375E-05
1287.52386574931 -4.552001953125E-05
1288.52386574679 -4.54864501953125E-05
1289.52386574427 -4.54437255859375E-05
1290.52386574174 -4.53765869140625E-05
1291.52386573922 -4.53094482421875E-05
1292.52386573669 -4.52911376953125E-05
1293.52386573417 -4.52239990234375E-05
1294.52386573164 -4.52301025390625E-05
1295.52386572912 -4.51934814453125E-05
1296.52386572659 -4.51873779296875E-05
1297.52386572407 -4.53460693359375E-05
1298.52386572154 -4.51629638671875E-05
1299.52386571902 -4.5166015625E-05
1300.52386571649 -4.51812744140625E-05
1301.52386571397 -4.52056884765625E-05
1302.52386571144 -4.71160888671875E-05
1303.52386570892 -4.5648193359375E-05
1304.52386570639 -4.5361328125E-05
1305.52386570387 -4.532470703125E-05
1306.52386570134 -4.5269775390625E-05
1307.52386569882 -4.54864501953125E-05
1308.52386569629 -4.5416259765625E-05
1309.52386569377 -4.53369140625E-05
1310.52386569125 -4.54437255859375E-05
1311.52386568872 -4.52728271484375E-05
1312.5238656862 -4.53125E-05
1313.52386568367 -4.517822265625E-05
1314.52386568115 -4.51812744140625E-05
1315.52386567862 -4.7821044921875E-05
1316.5238656761 -4.61639404296875E-05
1317.52386567357 -4.5672607421875E-05
1318.52386567105 -4.5709228515625E-05
1319.52386566852 -4.5947265625E-05
1320.523865666 -4.59747314453125E-05
1321.52386566347 -4.56024169921875E-05
1322.52386566095 -4.53033447265625E-05
1323.52386565842 -4.525146484375E-05
1324.5238656559 -4.517822265625E-05
1325.52386565337 -4.5068359375E-05
1326.52386565085 -4.5172119140625E-05
1327.52386564832 -4.50897216796875E-05
1328.5238656458 -4.52728271484375E-05
1329.52386564327 -4.53765869140625E-05
1330.52386564075 -4.5294189453125E-05
1331.52386563823 -4.51202392578125E-05
1332.5238656357 -4.5123291015625E-05
1333.52386563318 -4.69146728515625E-05
1334.52386563065 -4.595947265625E-05
1335.52386562813 -4.58892822265625E-05
1336.5238656256 -4.581298828125E-05
1337.52386562308 -4.5843505859375E-05
1338.52386562055 -4.5806884765625E-05
1339.52386561803 -4.8211669921875E-05
1340.5238656155 -4.71099853515625E-05
1341.52386561298 -4.70611572265625E-05
1342.52386561045 -4.677734375E-05
1343.52386560793 -4.635009765625E-05
1344.5238656054 -4.6234130859375E-05
1345.52386560288 -4.6112060546875E-05
1346.52386560035 -4.620361328125E-05
1347.52386559783 -4.64599609375E-05
1348.5238655953 -4.676513671875E-05
1349.52386559278 -4.74212646484375E-05
1350.52386559025 -4.76776123046875E-05
1351.52386558773 -4.8175048828125E-05
1352.52386558521 -4.87091064453125E-05
1353.52386558268 -4.8944091796875E-05
1354.52386558016 -4.81475830078125E-05
1355.52386557763 -4.700927734375E-05
1356.52386557511 -4.75006103515625E-05
1357.52386557258 -4.796142578125E-05
1358.52386557006 -4.8602294921875E-05
1359.52386556753 -4.896240234375E-05
1360.52386556501 -4.930419921875E-05
1361.52386556248 -4.89990234375E-05
1362.52386555996 -4.84832763671875E-05
1363.52386555743 -4.75677490234375E-05
1364.52386555491 -4.7412109375E-05
1365.52386555238 -4.7113037109375E-05
1366.52386554986 -4.72381591796875E-05
1367.52386554733 -4.72320556640625E-05
1368.52386554481 -4.72930908203125E-05
1369.52386554228 -4.7283935546875E-05
1370.52386553976 -4.74700927734375E-05
1371.52386553724 -4.75982666015625E-05
1372.52386553471 -4.74853515625E-05
1373.52386553219 -4.78179931640625E-05
1374.52386552966 -4.7491455078125E-05
1375.52386552714 -4.70672607421875E-05
1376.52386552461 -4.67498779296875E-05
1377.52386552209 -4.7076416015625E-05
1378.52386551956 -4.73968505859375E-05
1379.52386551704 -4.70611572265625E-05
1380.52386551451 -4.664306640625E-05
1381.52386551199 -4.64019775390625E-05
1382.52386550946 -4.6417236328125E-05
1383.52386550694 -4.642333984375E-05
1384.52386550441 -4.63836669921875E-05
1385.52386550189 -4.6484375E-05
1386.52386549936 -4.62738037109375E-05
1387.52386549684 -4.63714599609375E-05
1388.52386549431 -4.66949462890625E-05
1389.52386549179 -4.69207763671875E-05
1390.52386548926 -5.00030517578125E-05
1391.52386548674 -4.82086181640625E-05
1392.52386548422 -4.68841552734375E-05
1393.52386548169 -4.6221923828125E-05
1394.52386547917 -4.6038818359375E-05
1395.52386547664 -4.5904541015625E-05
1396.52386547412 -4.580078125E-05
1397.52386547159 -4.57977294921875E-05
1398.52386546907 -4.58465576171875E-05
1399.52386546654 -4.591064453125E-05
1400.52386546402 -4.57275390625E-05
1401.52386546149 -4.56756591796875E-05
1402.52386545897 -4.560546875E-05
1403.52386545644 -4.58984375E-05
1404.52386545392 -4.5489501953125E-05
1405.52386545139 -4.5562744140625E-05
1406.52386544887 -4.5404052734375E-05
1407.52386544634 -4.56756591796875E-05
1408.52386544382 -4.53369140625E-05
1409.52386544129 -4.52972412109375E-05
1410.52386543877 -4.53155517578125E-05
1411.52386543624 -4.56268310546875E-05
1412.52386543372 -4.556884765625E-05
1413.5238654312 -4.5465087890625E-05
1414.52386542867 -4.53857421875E-05
1415.52386542615 -4.54254150390625E-05
1416.52386542362 -4.54437255859375E-05
1417.5238654211 -4.51812744140625E-05
1418.52386541857 -4.5233154296875E-05
1419.52386541605 -4.5208740234375E-05
1420.52386541352 -4.5135498046875E-05
1421.523865411 -4.51019287109375E-05
1422.52386540847 -4.59442138671875E-05
1423.52386540595 -4.5245361328125E-05
1424.52386540342 -4.5062255859375E-05
1425.5238654009 -4.49737548828125E-05
1426.52386539837 -4.4842529296875E-05
1427.52386539585 -4.55230712890625E-05
1428.52386539332 -4.47784423828125E-05
1429.5238653908 -4.48486328125E-05
1430.52386538827 -4.482421875E-05
1431.52386538575 -4.49462890625E-05
1432.52386538322 -4.4818115234375E-05
1433.5238653807 -4.532470703125E-05
1434.52386537818 -4.5257568359375E-05
1435.52386537565 -4.490966796875E-05
1436.52386537313 -4.4818115234375E-05
1437.5238653706 -4.61669921875E-05
1438.52386536808 -4.47998046875E-05
1439.52386536555 -4.45220947265625E-05
1440.52386536303 -4.48577880859375E-05
1441.5238653605 -4.47662353515625E-05
1442.52386535798 -4.9932861328125E-05
1443.52386535545 -4.89776611328125E-05
1444.52386535293 -4.8895263671875E-05
1445.5238653504 -4.91973876953125E-05
1446.52386534788 -4.90509033203125E-05
1447.52386534535 -4.90081787109375E-05
1448.52386534283 -4.88128662109375E-05
1449.5238653403 -4.8541259765625E-05
1450.52386533778 -4.87152099609375E-05
1451.52386533525 -4.8162841796875E-05
1452.52386533273 -4.8095703125E-05
1453.5238653302 -4.86175537109375E-05
1454.52386532768 -4.8480224609375E-05
1455.52386532516 -4.8297119140625E-05
1456.52386532263 -4.78302001953125E-05
1457.52386532011 -4.7747802734375E-05
1458.52386531758 -4.79644775390625E-05
1459.52386531506 -4.7760009765625E-05
1460.52386531253 -4.74334716796875E-05
1461.52386531001 -4.74334716796875E-05
1462.52386530748 -4.7601318359375E-05
1463.52386530496 -4.757080078125E-05
1464.52386530243 -4.742431640625E-05
1465.52386529991 -4.74609375E-05
1466.52386529738 -4.72930908203125E-05
1467.52386529486 -4.7174072265625E-05
1468.52386529233 -4.70245361328125E-05
1469.52386528981 -4.72137451171875E-05
1470.52386528728 -4.7442626953125E-05
1471.52386528476 -4.725341796875E-05
1472.52386528223 -4.71710205078125E-05
1473.52386527971 -4.70062255859375E-05
1474.52386527719 -4.67376708984375E-05
1475.52386527466 -4.6484375E-05
1476.52386527214 -4.67559814453125E-05
1477.52386526961 -4.64996337890625E-05
1478.52386526709 -4.60540771484375E-05
1479.52386526456 -4.61273193359375E-05
1480.52386526204 -4.60296630859375E-05
1481.52386525951 -4.5782470703125E-05
1482.52386525699 -4.57611083984375E-05
1483.52386525446 -4.5684814453125E-05
1484.52386525194 -4.5489501953125E-05
1485.52386524941 -4.54315185546875E-05
1486.52386524689 -4.5672607421875E-05
1487.52386524436 -4.5379638671875E-05
1488.52386524184 -4.544677734375E-05
1489.52386523931 -4.54620361328125E-05
1490.52386523679 -4.52606201171875E-05
1491.52386523426 -4.52239990234375E-05
1492.52386523174 -4.5184326171875E-05
1493.52386522921 -4.50592041015625E-05
1494.52386522669 -4.4940185546875E-05
1495.52386522417 -4.505615234375E-05
1496.52386522164 -4.5062255859375E-05
1497.52386521912 -4.51141357421875E-05
1498.52386521659 -4.51385498046875E-05
1499.52386521407 -4.4952392578125E-05
1500.52386521154 -4.52056884765625E-05
1501.52386520902 -4.52301025390625E-05
1502.52386520649 -4.49951171875E-05
1503.52386520397 -4.515380859375E-05
1504.52386520144 -4.53460693359375E-05
1505.52386519892 -4.5147705078125E-05
1506.52386519639 -4.51507568359375E-05
1507.52386519387 -4.51995849609375E-05
1508.52386519134 -4.51019287109375E-05
1509.52386518882 -4.49066162109375E-05
1510.52386518629 -4.49188232421875E-05
1511.52386518377 -4.4866943359375E-05
1512.52386518124 -4.4964599609375E-05
1513.52386517872 -4.4732666015625E-05
1514.52386517619 -4.47052001953125E-05
1515.52386517367 -4.45770263671875E-05
1516.52386517115 -4.44854736328125E-05
1517.52386516862 -4.4384765625E-05
1518.5238651661 -4.4598388671875E-05
1519.52386516357 -4.45098876953125E-05
1520.52386516105 -4.45098876953125E-05
1521.52386515852 -4.4451904296875E-05
1522.523865156 -4.45343017578125E-05
1523.52386515347 -4.43939208984375E-05
1524.52386515095 -4.45953369140625E-05
1525.52386514842 -4.44732666015625E-05
1526.5238651459 -4.43756103515625E-05
1527.52386514337 -4.42962646484375E-05
1528.52386514085 -4.4293212890625E-05
1529.52386513832 -4.43878173828125E-05
1530.5238651358 -4.42596435546875E-05
1531.52386513327 -4.4317626953125E-05
1532.52386513075 -4.42779541015625E-05
1533.52386512822 -4.43359375E-05
1534.5238651257 -4.443359375E-05
1535.52386512317 -4.46746826171875E-05
1536.52386512065 -4.4744873046875E-05
1537.52386511813 -4.43572998046875E-05
1538.5238651156 -4.42535400390625E-05
1539.52386511308 -4.432373046875E-05
1540.52386511055 -4.4189453125E-05
1541.52386510803 -4.44976806640625E-05
1542.5238651055 -4.4659423828125E-05
1543.52386510298 -4.4696044921875E-05
1544.52386510045 -4.47906494140625E-05
1545.52386509793 -4.49981689453125E-05
1546.5238650954 -4.47723388671875E-05
1547.52386509288 -4.47357177734375E-05
1548.52386509035 -4.48486328125E-05
1549.52386508783 -4.4598388671875E-05
1550.5238650853 -4.447021484375E-05
1551.52386508278 -4.45587158203125E-05
1552.52386508025 -4.44488525390625E-05
1553.52386507773 -4.44671630859375E-05
1554.5238650752 -4.466552734375E-05
1555.52386507268 -4.45465087890625E-05
1556.52386507015 -4.45037841796875E-05
1557.52386506763 -4.43939208984375E-05
1558.52386506511 -4.44427490234375E-05
1559.52386506258 -4.43939208984375E-05
1560.52386506006 -4.44183349609375E-05
1561.52386505753 -4.46136474609375E-05
1562.52386505501 -4.44305419921875E-05
1563.52386505248 -4.4488525390625E-05
1564.52386504996 -4.45281982421875E-05
1565.52386504743 -4.47479248046875E-05
1566.52386504491 -4.51904296875E-05
1567.52386504238 -4.50836181640625E-05
1568.52386503986 -4.55841064453125E-05
1569.52386503733 -4.51690673828125E-05
1570.52386503481 -4.54498291015625E-05
1571.52386503228 -4.605712890625E-05
1572.52386502976 -4.664306640625E-05
1573.52386502723 -4.678955078125E-05
1574.52386502471 -4.6923828125E-05
1575.52386502218 -4.686279296875E-05
1576.52386501966 -4.65972900390625E-05
1577.52386501713 -4.69390869140625E-05
1578.52386501461 -4.6954345703125E-05
1579.52386501209 -4.7381591796875E-05
1580.52386500956 -4.710693359375E-05
1581.52386500704 -4.69146728515625E-05
1582.52386500451 -4.72991943359375E-05
1583.52386500199 -4.65362548828125E-05
1584.52386499946 -4.66400146484375E-05
1585.52386499694 -4.62493896484375E-05
1586.52386499441 -4.60235595703125E-05
1587.52386499189 -4.58343505859375E-05
1588.52386498936 -4.55230712890625E-05
1589.52386498684 -4.54315185546875E-05
1590.52386498431 -4.55230712890625E-05
1591.52386498179 -4.55596923828125E-05
1592.52386497926 -4.5648193359375E-05
1593.52386497674 -4.53765869140625E-05
1594.52386497421 -4.5343017578125E-05
1595.52386497169 -4.53765869140625E-05
1596.52386496916 -4.5391845703125E-05
1597.52386496664 -4.51263427734375E-05
1598.52386496412 -4.5086669921875E-05
1599.52386496159 -4.4989013671875E-05
1600.52386495907 -4.5001220703125E-05
1601.52386495654 -4.500732421875E-05
1602.52386495402 -4.49462890625E-05
1603.52386495149 -4.4891357421875E-05
1604.52386494897 -4.65179443359375E-05
1605.52386494644 -4.48028564453125E-05
1606.52386494392 -4.48577880859375E-05
1607.52386494139 -4.48333740234375E-05
1608.52386493887 -4.48883056640625E-05
1609.52386493634 -4.495849609375E-05
1610.52386493382 -4.47265625E-05
1611.52386493129 -4.4744873046875E-05
1612.52386492877 -4.4818115234375E-05
1613.52386492624 -4.4854736328125E-05
1614.52386492372 -4.51812744140625E-05
1615.52386492119 -4.482421875E-05
1616.52386491867 -4.4683837890625E-05
1617.52386491614 -4.4720458984375E-05
1618.52386491362 -4.464111328125E-05
1619.5238649111 -4.47021484375E-05
1620.52386490857 -4.48211669921875E-05
1621.52386490605 -4.4921875E-05
1622.52386490352 -4.4891357421875E-05
1623.523864901 -4.48211669921875E-05
1624.52386489847 -4.47052001953125E-05
1625.52386489595 -4.4696044921875E-05
1626.52386489342 -4.47967529296875E-05
1627.5238648909 -4.4842529296875E-05
1628.52386488837 -4.47113037109375E-05
1629.52386488585 -4.47113037109375E-05
1630.52386488332 -4.46807861328125E-05
1631.5238648808 -4.468994140625E-05
1632.52386487827 -4.468994140625E-05
1633.52386487575 -4.47540283203125E-05
1634.52386487322 -4.47021484375E-05
1635.5238648707 -4.47540283203125E-05
1636.52386486817 -4.4683837890625E-05
1637.52386486565 -4.52880859375E-05
1638.52386486312 -4.4671630859375E-05
1639.5238648606 -4.44549560546875E-05
1640.52386485808 -4.439697265625E-05
1641.52386485555 -4.44549560546875E-05
1642.52386485303 -4.443359375E-05
1643.5238648505 -4.451904296875E-05
1644.52386484798 -4.442138671875E-05
1645.52386484545 -4.43359375E-05
1646.52386484293 -4.442138671875E-05
1647.5238648404 -4.44305419921875E-05
1648.52386483788 -4.439697265625E-05
1649.52386483535 -4.4708251953125E-05
1650.52386483283 -4.45220947265625E-05
1651.5238648303 -4.4635009765625E-05
1652.52386482778 -4.4976806640625E-05
1653.52386482525 -4.4921875E-05
1654.52386482273 -4.52362060546875E-05
1655.5238648202 -4.50531005859375E-05
1656.52386481768 -4.510498046875E-05
1657.52386481515 -4.50408935546875E-05
1658.52386481263 -4.52545166015625E-05
1659.5238648101 -4.51873779296875E-05
1660.52386480758 -4.549560546875E-05
1661.52386480506 -4.51171875E-05
1662.52386480253 -4.47418212890625E-05
1663.52386480001 -4.45648193359375E-05
1664.52386479748 -4.44091796875E-05
1665.52386479496 -4.42779541015625E-05
1666.52386479243 -4.43115234375E-05
1667.52386478991 -4.42962646484375E-05
1668.52386478738 -4.42413330078125E-05
1669.52386478486 -4.4287109375E-05
1670.52386478233 -4.42901611328125E-05
1671.52386477981 -4.425048828125E-05
1672.52386477728 -4.41680908203125E-05
1673.52386477476 -4.423828125E-05
1674.52386477223 -4.43359375E-05
1675.52386476971 -4.43389892578125E-05
1676.52386476718 -4.44610595703125E-05
1677.52386476466 -4.43389892578125E-05
1678.52386476213 -4.43206787109375E-05
1679.52386475961 -4.40185546875E-05
1680.52386475708 -4.373779296875E-05
1681.52386475456 -4.37225341796875E-05
1682.52386475204 -4.37591552734375E-05
1683.52386474951 -4.38385009765625E-05
1684.52386474699 -4.37713623046875E-05
1685.52386474446 -4.38385009765625E-05
1686.52386474194 -4.4024658203125E-05
1687.52386473941 -4.42413330078125E-05
1688.52386473689 -4.4195556640625E-05
1689.52386473436 -4.42474365234375E-05
1690.52386473184 -4.43939208984375E-05
1691.52386472931 -4.48577880859375E-05
1692.52386472679 -4.5428466796875E-05
1693.52386472426 -4.5379638671875E-05
1694.52386472174 -4.539794921875E-05
1695.52386471921 -4.53125E-05
1696.52386471669 -4.6307373046875E-05
1697.52386471416 -4.55352783203125E-05
1698.52386471164 -4.537353515625E-05
1699.52386470911 -4.539794921875E-05
1700.52386470659 -4.52850341796875E-05
1701.52386470407 -4.52606201171875E-05
1702.52386470154 -4.5306396484375E-05
1703.52386469902 -4.5416259765625E-05
1704.52386469649 -4.52972412109375E-05
1705.52386469397 -4.5306396484375E-05
1706.52386469144 -4.53887939453125E-05
1707.52386468892 -4.55810546875E-05
1708.52386468639 -4.5343017578125E-05
1709.52386468387 -4.530029296875E-05
1710.52386468134 -4.55718994140625E-05
1711.52386467882 -4.54071044921875E-05
1712.52386467629 -4.54681396484375E-05
1713.52386467377 -4.51812744140625E-05
1714.52386467124 -4.5208740234375E-05
1715.52386466872 -4.53094482421875E-05
1716.52386466619 -4.53125E-05
1717.52386466367 -4.5220947265625E-05
1718.52386466114 -4.52178955078125E-05
1719.52386465862 -4.52789306640625E-05
1720.52386465609 -4.5257568359375E-05
1721.52386465357 -4.68475341796875E-05
1722.52386465105 -4.68475341796875E-05
1723.52386464852 -4.5880126953125E-05
1724.523864646 -4.56268310546875E-05
1725.52386464347 -4.57672119140625E-05
1726.52386464095 -4.5770263671875E-05
1727.52386463842 -4.57733154296875E-05
1728.5238646359 -4.55322265625E-05
1729.52386463337 -4.57611083984375E-05
1730.52386463085 -4.580078125E-05
1731.52386462832 -4.57977294921875E-05
1732.5238646258 -4.56085205078125E-05
1733.52386462327 -4.547119140625E-05
1734.52386462075 -4.54620361328125E-05
1735.52386461822 -4.544677734375E-05
1736.5238646157 -4.5440673828125E-05
1737.52386461317 -4.54345703125E-05
1738.52386461065 -4.54437255859375E-05
1739.52386460812 -4.5513916015625E-05
1740.5238646056 -4.5513916015625E-05
1741.52386460307 -4.544677734375E-05
1742.52386460055 -4.5489501953125E-05
1743.52386459803 -4.55535888671875E-05
1744.5238645955 -4.56329345703125E-05
1745.52386459298 -4.54132080078125E-05
1746.52386459045 -4.52117919921875E-05
1747.52386458793 -4.51812744140625E-05
1748.5238645854 -4.5233154296875E-05
1749.52386458288 -4.5220947265625E-05
1750.52386458035 -4.5245361328125E-05
1751.52386457783 -4.5166015625E-05
1752.5238645753 -4.50347900390625E-05
1753.52386457278 -4.50531005859375E-05
1754.52386457025 -4.65850830078125E-05
1755.52386456773 -4.67010498046875E-05
1756.5238645652 -4.6807861328125E-05
1757.52386456268 -4.6710205078125E-05
1758.52386456015 -4.64874267578125E-05
1759.52386455763 -4.64599609375E-05
1760.5238645551 -4.6466064453125E-05
1761.52386455258 -4.649658203125E-05
1762.52386455005 -4.63226318359375E-05
1763.52386454753 -4.625244140625E-05
1764.52386454501 -4.61090087890625E-05
1765.52386454248 -4.57611083984375E-05
1766.52386453996 -4.534912109375E-05
1767.52386453743 -4.5416259765625E-05
1768.52386453491 -4.54010009765625E-05
1769.52386453238 -4.5257568359375E-05
1770.52386452986 -4.49462890625E-05
1771.52386452733 -4.4818115234375E-05
1772.52386452481 -4.449462890625E-05
1773.52386452228 -4.4219970703125E-05
1774.52386451976 -4.4073486328125E-05
1775.52386451723 -4.41253662109375E-05
1776.52386451471 -4.4073486328125E-05
1777.52386451218 -4.43939208984375E-05
1778.52386450966 -4.4366455078125E-05
1779.52386450713 -4.42413330078125E-05
1780.52386450461 -4.41619873046875E-05
1781.52386450208 -4.41497802734375E-05
1782.52386449956 -4.45068359375E-05
1783.52386449703 -4.43328857421875E-05
1784.52386449451 -4.4158935546875E-05
1785.52386449199 -4.40643310546875E-05
1786.52386448946 -4.37774658203125E-05
1787.52386448694 -4.364013671875E-05
1788.52386448441 -4.3487548828125E-05
1789.52386448189 -4.3609619140625E-05
1790.52386447936 -4.3609619140625E-05
1791.52386447684 -4.365234375E-05
1792.52386447431 -4.3597412109375E-05
1793.52386447179 -4.37286376953125E-05
1794.52386446926 -4.3780517578125E-05
1795.52386446674 -4.40399169921875E-05
1796.52386446421 -4.42413330078125E-05
1797.52386446169 -4.38323974609375E-05
1798.52386445916 -4.3975830078125E-05
1799.52386445664 -4.407958984375E-05
1800.52386445411 -4.373779296875E-05
1801.52386445159 -4.39727783203125E-05
1802.52386444906 -4.39453125E-05
1803.52386444654 -4.385986328125E-05
1804.52386444402 -4.442138671875E-05
1805.52386444149 -4.407958984375E-05
1806.52386443897 -4.3865966796875E-05
1807.52386443644 -4.35333251953125E-05
1808.52386443392 -4.35089111328125E-05
1809.52386443139 -4.36309814453125E-05
1810.52386442887 -4.37286376953125E-05
1811.52386442634 -4.334716796875E-05
1812.52386442382 -4.3463134765625E-05
1813.52386442129 -4.31732177734375E-05
1814.52386441877 -4.3231201171875E-05
1815.52386441624 -4.2974853515625E-05
1816.52386441372 -4.302978515625E-05
1817.52386441119 -4.31640625E-05
1818.52386440867 -4.3145751953125E-05
1819.52386440614 -4.33258056640625E-05
1820.52386440362 -4.34234619140625E-05
1821.52386440109 -4.33441162109375E-05
1822.52386439857 -4.33746337890625E-05
1823.52386439604 -4.32952880859375E-05
1824.52386439352 -9.99969482421875E-05
1825.523864391 -9.50927734375E-05
1826.52386438847 -9.2529296875E-05
1827.52386438595 -9.283447265625E-05
1828.52386438342 -8.7890625E-05
1829.5238643809 -8.599853515625E-05
1830.52386437837 -8.349609375E-05
1831.52386437585 -8.489990234375E-05
1832.52386437332 -8.60595703125E-05
1833.5238643708 -8.489990234375E-05
1834.52386436827 -8.355712890625E-05
1835.52386436575 -8.2305908203125E-05
1836.52386436322 -8.0963134765625E-05
1837.5238643607 -8.0047607421875E-05
1838.52386435817 -7.92236328125E-05
1839.52386435565 -7.87353515625E-05
1840.52386435312 -7.818603515625E-05
1841.5238643506 -7.8155517578125E-05
1842.52386434807 -7.781982421875E-05
1843.52386434555 -7.72705078125E-05
1844.52386434302 -7.696533203125E-05
1845.5238643405 -7.745361328125E-05
1846.52386433798 -7.7117919921875E-05
1847.52386433545 -7.6690673828125E-05
1848.52386433293 -7.6446533203125E-05
1849.5238643304 -7.6324462890625E-05
1850.52386432788 -7.647705078125E-05
1851.52386432535 -7.666015625E-05
1852.52386432283 -7.6507568359375E-05
1853.5238643203 -7.6446533203125E-05
1854.52386431778 -7.6385498046875E-05
1855.52386431525 -7.6446533203125E-05
1856.52386431273 -7.6263427734375E-05
1857.5238643102 -7.623291015625E-05
1858.52386430768 -7.6202392578125E-05
1859.52386430515 -7.6019287109375E-05
1860.52386430263 -7.6202392578125E-05
1861.5238643001 -7.5897216796875E-05
1862.52386429758 -7.5897216796875E-05
1863.52386429505 -7.6446533203125E-05
1864.52386429253 -7.623291015625E-05
1865.52386429 -7.62939453125E-05
1866.52386428748 -7.6507568359375E-05
1867.52386428496 -7.666015625E-05
1868.52386428243 -7.7117919921875E-05
1869.52386427991 -7.684326171875E-05
1870.52386427738 -7.6416015625E-05
1871.52386427486 -7.708740234375E-05
1872.52386427233 -7.6446533203125E-05
1873.52386426981 -7.6934814453125E-05
1874.52386426728 -7.6812744140625E-05
1875.52386426476 -7.6751708984375E-05
1876.52386426223 -7.6904296875E-05
1877.52386425971 -7.67822265625E-05
1878.52386425718 -7.6568603515625E-05
1879.52386425466 -7.696533203125E-05
1880.52386425213 -7.70263671875E-05
1881.52386424961 -7.71484375E-05
1882.52386424708 -7.7117919921875E-05
1883.52386424456 -7.720947265625E-05
1884.52386424203 -7.7362060546875E-05
1885.52386423951 -7.7423095703125E-05
1886.52386423698 -7.7392578125E-05
1887.52386423446 -7.781982421875E-05
