Title: Title
Label: 0.02mM
6.65879998318815 -2.03496725288513E-05
7.65879998066339 -1.98255378551031E-05
8.65879997813863 -1.92135885733601E-05
9.65879997561387 -1.85135526504018E-05
10.6587999730891 -1.77292856680716E-05
11.6587999705644 -1.68797331088902E-05
12.6587999680396 -1.59824863778577E-05
13.6587999655148 -1.50604568558989E-05
14.6587999629901 -1.41496985453102E-05
15.6587999604653 -1.32807692154184E-05
16.6587999579406 -1.24792817556247E-05
17.6587999554158 -1.17651874459872E-05
18.6587999528911 -1.11588242325092E-05
19.6587999503663 -1.062074352364E-05
20.6587999478415 -1.01393872061779E-05
21.6587999453168 -9.71012193534621E-06
22.658799942792 -9.3213694941369E-06
23.6587999402673 -8.9785781617875E-06
24.6587999377425 -8.67742701487864E-06
25.6587999352178 -8.41357714323841E-06
26.658799932693 -8.18142212862634E-06
27.6587999301682 -7.96959741236539E-06
28.6587999276435 -7.78459140360844E-06
29.6587999251187 -7.62678489306573E-06
30.658799922594 -7.48496163071206E-06
31.6587999200692 -7.35667469611053E-06
32.6587999175445 -7.24702310383917E-06
33.6587999150197 -7.16209274381844E-06
34.6587999124949 -7.10025717708186E-06
35.6587999099702 -7.0609072500897E-06
36.6587999074454 -7.0502991196942E-06
37.6587999049207 -7.05806983988167E-06
38.6587999023959 -7.0709966530461E-06
39.6587998998712 -7.07912354703801E-06
40.6587998973464 -7.07828328998657E-06
41.6587998948216 -7.06064959314228E-06
42.6587998922969 -7.0267999691153E-06
43.6587998897721 -6.97667285922984E-06
44.6587998872474 -6.90182515713332E-06
45.6587998847226 -6.80435297594365E-06
46.6587998821979 -6.68595906703529E-06
47.6587998796731 -6.55389543956787E-06
48.6587998771483 -6.41320056694244E-06
49.6587998746236 -6.26032760270147E-06
50.6587998720988 -6.1046396148666E-06
51.6587998695741 -5.94897720235575E-06
52.6587998670493 -5.79317850408985E-06
53.6587998645246 -5.64743384085122E-06
54.6587998619998 -5.51218051720132E-06
55.658799859475 -5.38198763836145E-06
56.6587998569503 -5.25428110639482E-06
57.6587998544255 -5.12797568993244E-06
58.6587998519008 -5.00783030786966E-06
59.658799849376 -4.89509967076628E-06
60.6587998468513 -4.79105673851495E-06
61.6587998443265 -4.69874521099432E-06
62.6587998418017 -4.61670631498338E-06
63.658799839277 -4.53721000398754E-06
64.6587998367522 -4.46030900249567E-06
65.6587998342275 -4.38530596772352E-06
66.6587998317027 -4.31286109226222E-06
67.658799829178 -4.24507822550262E-06
68.6587998266532 -4.18424081849807E-06
69.6587998241284 -4.1330446177282E-06
70.6587998216037 -4.09023316155066E-06
71.6587998190789 -4.05243768712787E-06
72.6587998165542 -4.01945352294049E-06
73.6587998140294 -3.99032517527762E-06
74.6587998115047 -3.96842497478703E-06
75.6587998089799 -3.95172998292387E-06
76.6587998064551 -3.94424986530942E-06
77.6587998039304 -3.94982571591739E-06
78.6587998014056 -3.96808816135845E-06
79.6587997988809 -3.99631851383788E-06
80.6587997963561 -4.02800202903697E-06
81.6587997938313 -4.05697833940734E-06
82.6587997913066 -4.07717573108403E-06
83.6587997887818 -4.08107172403994E-06
84.6587997862571 -4.07110754400111E-06
85.6587997837323 -4.04714658026934E-06
86.6587997812076 -4.0110824472954E-06
87.6587997786828 -3.96306053088386E-06
88.658799776158 -3.9021767472699E-06
89.6587997736333 -3.83112311593363E-06
90.6587997711085 -3.75325287136841E-06
91.6587997685838 -3.67226622499605E-06
92.658799766059 -3.58842781675958E-06
93.6587997635343 -3.49978950412073E-06
94.6587997610095 -3.40862986398549E-06
95.6587997584847 -3.3180350817297E-06
96.65879975596 -3.23435825558067E-06
97.6587997534352 -3.16268344616673E-06
98.6587997509105 -3.11298788869241E-06
99.6587997483857 -3.08722635584928E-06
100.658799745861 -3.07866710857623E-06
101.658799743336 -3.08036761488887E-06
102.658799740811 -3.08775027417325E-06
103.658799738287 -3.0990300341743E-06
104.658799735762 -3.11179550485584E-06
105.658799733237 -3.12531527035376E-06
106.658799730712 -3.14448534767631E-06
107.658799728188 -3.16674590192194E-06
108.658799725663 -3.19051082153927E-06
109.658799723138 -3.21475419041443E-06
110.658799720613 -3.23882053911995E-06
111.658799718089 -3.26061636557105E-06
112.658799715564 -3.27777470175864E-06
113.658799713039 -3.28834508787303E-06
114.658799710514 -3.29189315368795E-06
115.65879970799 -3.28872950875632E-06
116.658799705465 -3.28061037565424E-06
117.65879970294 -3.26992216810529E-06
118.658799700415 -3.25730315488427E-06
119.658799697891 -3.24244279372446E-06
120.658799695366 -3.22664711322863E-06
121.658799692841 -3.21053377125693E-06
122.658799690316 -3.19580068934688E-06
123.658799687792 -3.18413497236762E-06
124.658799685267 -3.1750548034686E-06
125.658799682742 -3.16996990422435E-06
126.658799680217 -3.16653676325474E-06
127.658799677693 -3.16585026832033E-06
128.658799675168 -3.16676642093349E-06
129.658799672643 -3.17118031420047E-06
130.658799670118 -3.17443881135242E-06
131.658799667593 -3.17894324724007E-06
132.658799665069 -3.18320763547359E-06
133.658799662544 -3.18528191339607E-06
134.658799660019 -3.18625206893605E-06
135.658799657494 -3.18631686391438E-06
136.65879965497 -3.18544929194427E-06
137.658799652445 -3.18380613153426E-06
138.65879964992 -3.17465562064747E-06
139.658799647395 -3.16190753770706E-06
140.658799644871 -3.14417258004131E-06
141.658799642346 -3.12124126270521E-06
142.658799639821 -3.09549401423196E-06
143.658799637296 -3.06681625441292E-06
144.658799634772 -3.03623348087459E-06
145.658799632247 -3.00206114562379E-06
146.658799629722 -2.96363719010795E-06
147.658799627197 -2.92004181184733E-06
148.658799624673 -2.87542824061674E-06
149.658799622148 -2.83166666213716E-06
150.658799619623 -2.79370563738171E-06
151.658799617098 -2.76917161341748E-06
152.658799614574 -2.75763728835238E-06
153.658799612049 -2.76629320949677E-06
154.658799609524 -2.7932257209563E-06
155.658799606999 -2.83694951576774E-06
156.658799604475 -2.90414604065363E-06
157.65879960195 -2.99054362077634E-06
158.658799599425 -3.09195233568353E-06
159.6587995969 -3.20220089120289E-06
160.658799594376 -3.31203337670373E-06
161.658799591851 -3.42006670446248E-06
162.658799589326 -3.51532399596372E-06
163.658799586801 -3.60333195990692E-06
164.658799584276 -3.69047351379796E-06
165.658799581752 -3.77925416138618E-06
166.658799579227 -3.87399937693627E-06
167.658799576702 -3.97484914530366E-06
168.658799574177 -4.08342585843549E-06
169.658799571653 -4.19424939266483E-06
170.658799569128 -4.3011158380603E-06
171.658799566603 -4.39490003094247E-06
172.658799564078 -4.46524946614793E-06
173.658799561554 -4.50355724463853E-06
174.658799559029 -4.50546294106668E-06
175.658799556504 -4.47005317468282E-06
176.658799553979 -4.40237385319354E-06
177.658799551455 -4.30893568046274E-06
178.65879954893 -4.19470130489819E-06
179.658799546405 -4.05496300420412E-06
180.65879954388 -3.88887671719657E-06
181.658799541356 -3.69683411197591E-06
182.658799538831 -3.48500545536891E-06
183.658799536306 -3.26477690820801E-06
184.658799533781 -3.04986713238439E-06
185.658799531257 -2.85821415698428E-06
186.658799528732 -2.70548382966004E-06
187.658799526207 -2.60659613371735E-06
188.658799523682 -2.57083518091417E-06
189.658799521158 -2.59765587746416E-06
190.658799518633 -2.68151324235923E-06
191.658799516108 -2.80441488089724E-06
192.658799513583 -2.94122086992915E-06
193.658799511059 -3.06753151994571E-06
194.658799508534 -3.17251950833987E-06
195.658799506009 -3.25835676501718E-06
196.658799503484 -3.32936100171139E-06
197.65879950096 -3.38568779398494E-06
198.658799498435 -3.43109436437232E-06
199.65879949591 -3.45926739884828E-06
200.658799493385 -3.46129852661714E-06
201.65879949086 -3.4320557661406E-06
202.658799488336 -3.3729137402089E-06
203.658799485811 -3.28763921943376E-06
204.658799483286 -3.18185735552095E-06
205.658799480761 -3.06168461751131E-06
206.658799478237 -2.93160521604269E-06
207.658799475712 -2.79823658403579E-06
208.658799473187 -2.67782969658265E-06
209.658799470662 -2.58178474122866E-06
210.658799468138 -2.51106859125969E-06
211.658799465613 -2.4617394104767E-06
212.658799463088 -2.42967882172014E-06
213.658799460563 -2.40852173340618E-06
214.658799458039 -2.38865850802015E-06
215.658799455514 -2.36928545774473E-06
216.658799452989 -2.36473485695306E-06
217.658799450464 -2.38089407170817E-06
218.65879944794 -2.41466948561091E-06
219.658799445415 -2.4619907392382E-06
220.65879944289 -2.51764556875739E-06
221.658799440365 -2.57110181810882E-06
222.658799437841 -2.6135367406597E-06
223.658799435316 -2.64165593960379E-06
224.658799432791 -2.66010767263921E-06
225.658799430266 -2.66851644497272E-06
226.658799427742 -2.67326733055114E-06
227.658799425217 -2.68203140689175E-06
228.658799422692 -2.69762322166159E-06
229.658799420167 -2.71991120898705E-06
230.658799417643 -2.74643221276128E-06
231.658799415118 -2.77082930764867E-06
232.658799412593 -2.78249871388155E-06
233.658799410068 -2.78382160342367E-06
234.658799407543 -2.78896751813065E-06
235.658799405019 -2.80436632979448E-06
236.658799402494 -2.83280550584472E-06
237.658799399969 -2.88534903417966E-06
238.658799397444 -2.96033340113157E-06
239.65879939492 -3.04610215552454E-06
240.658799392395 -3.12705495693367E-06
241.65879938987 -3.20223206277014E-06
242.658799387345 -3.269207696878E-06
243.658799384821 -3.33255870495277E-06
244.658799382296 -3.39735031568983E-06
245.658799379771 -3.48171856015442E-06
246.658799377246 -3.59381690054434E-06
247.658799374722 -3.73482748991009E-06
248.658799372197 -3.89710247104106E-06
249.658799369672 -4.08107877924515E-06
250.658799367147 -4.30338456163947E-06
251.658799364623 -4.57114407220707E-06
252.658799362098 -4.86912980340821E-06
253.658799359573 -5.17368227639762E-06
254.658799357048 -5.45431581984248E-06
255.658799354524 -5.68556255104561E-06
256.658799351999 -5.83657197941244E-06
257.658799349474 -5.89320507820377E-06
258.658799346949 -5.86854727387265E-06
259.658799344425 -5.76835447328172E-06
260.6587993419 -5.5891149861972E-06
261.658799339375 -5.33348520323087E-06
262.65879933685 -5.01304264227075E-06
263.658799334326 -4.64877352404648E-06
264.658799331801 -4.2569502731807E-06
265.658799329276 -3.85605718759295E-06
266.658799326751 -3.45944745346184E-06
267.658799324226 -3.07899162832206E-06
268.658799321702 -2.722643565729E-06
269.658799319177 -2.4047796420631E-06
270.658799316652 -2.13760472721002E-06
271.658799314127 -1.95194626377601E-06
272.658799311603 -1.8729046286715E-06
273.658799309078 -1.88825410477386E-06
274.658799306553 -1.9645086466258E-06
275.658799304028 -2.06464666967794E-06
276.658799301504 -2.15654142641879E-06
277.658799298979 -2.21551160173108E-06
278.658799296454 -2.23488381831395E-06
279.658799293929 -2.23698821255899E-06
280.658799291405 -2.2418268213018E-06
281.65879928888 -2.24703444074486E-06
282.658799286355 -2.25434631657829E-06
283.65879928383 -2.26093702374493E-06
284.658799281306 -2.26191643031811E-06
285.658799278781 -2.25292067278909E-06
286.658799276256 -2.23248774655768E-06
287.658799273731 -2.19831625320506E-06
288.658799271207 -2.15044073353233E-06
289.658799268682 -2.09129615072468E-06
290.658799266157 -2.03353055774635E-06
291.658799263632 -1.98170881350085E-06
292.658799261108 -1.93864847548224E-06
293.658799258583 -1.91096530758502E-06
294.658799256058 -1.89835059739913E-06
295.658799253533 -1.89648526777312E-06
296.658799251009 -1.89915900181558E-06
297.658799248484 -1.9048912846543E-06
298.658799245959 -1.91529953726256E-06
299.658799243434 -1.93425039939781E-06
300.65879924091 -1.96667299124211E-06
301.658799238385 -2.0139771935593E-06
302.65879923586 -2.07127540996404E-06
303.658799233335 -2.12914697215735E-06
304.65879923081 -2.1752670783296E-06
305.658799228286 -2.20495865423275E-06
306.658799225761 -2.21020562462031E-06
307.658799223236 -2.20316890507206E-06
308.658799220711 -2.19692297736473E-06
309.658799218187 -2.20027555704841E-06
310.658799215662 -2.21867553878332E-06
311.658799213137 -2.24934135827395E-06
312.658799210612 -2.28204680821269E-06
313.658799208088 -2.306240048862E-06
314.658799205563 -2.30822724530076E-06
315.658799203038 -2.28561571305894E-06
316.658799200513 -2.24362345334935E-06
317.658799197989 -2.192366033617E-06
318.658799195464 -2.14682752974352E-06
319.658799192939 -2.12526081775812E-06
320.658799190414 -2.13927815984966E-06
321.65879918789 -2.19992716546846E-06
322.658799185365 -2.30146057977369E-06
323.65879918284 -2.4258233498323E-06
324.658799180315 -2.55589229075709E-06
325.658799177791 -2.6772568004629E-06
326.658799175266 -2.77859951088112E-06
327.658799172741 -2.86275993614466E-06
328.658799170216 -2.93379465513277E-06
329.658799167692 -3.01311179936479E-06
330.658799165167 -3.10324863168078E-06
331.658799162642 -3.1962570999095E-06
332.658799160117 -3.28169447300443E-06
333.658799157593 -3.34455549962157E-06
334.658799155068 -3.36453248793496E-06
335.658799152543 -3.33694586261892E-06
336.658799150018 -3.25918379622569E-06
337.658799147493 -3.14690336458354E-06
338.658799144969 -3.01415914039235E-06
339.658799142444 -2.87179849426724E-06
340.658799139919 -2.73367315068088E-06
341.658799137394 -2.60890419347087E-06
342.65879913487 -2.50067041353041E-06
343.658799132345 -2.41141390638287E-06
344.65879912982 -2.33336529592383E-06
345.658799127295 -2.258104290749E-06
346.658799124771 -2.18318603495931E-06
347.658799122246 -2.10944086663429E-06
348.658799119721 -2.04039230689265E-06
349.658799117196 -1.9858705935476E-06
350.658799114672 -1.95345034523274E-06
351.658799112147 -1.94596880968451E-06
352.658799109622 -1.95807881422085E-06
353.658799107097 -1.98150644448275E-06
354.658799104573 -2.01039888341391E-06
355.658799102048 -2.03614266746796E-06
356.658799099523 -2.05112179206925E-06
357.658799096998 -2.05960003166981E-06
358.658799094474 -2.06090979547776E-06
359.658799091949 -2.05692581513599E-06
360.658799089424 -2.04864760922974E-06
361.658799086899 -2.03392086535238E-06
362.658799084375 -2.01241672297702E-06
363.65879908185 -1.98245685726427E-06
364.658799079325 -1.94546551376309E-06
365.6587990768 -1.90768611746205E-06
366.658799074276 -1.87263391327612E-06
367.658799071751 -1.84375686975785E-06
368.658799069226 -1.82240908248026E-06
369.658799066701 -1.8078653620153E-06
370.658799064176 -1.80267675010577E-06
371.658799061652 -1.8143015669166E-06
372.658799059127 -1.846912939247E-06
373.658799056602 -1.9002833560124E-06
374.658799054077 -1.97033064003377E-06
375.658799051553 -2.05341095588587E-06
376.658799049028 -2.14465532741089E-06
377.658799046503 -2.23791095265614E-06
378.658799043978 -2.33007337721943E-06
379.658799041454 -2.42025003312451E-06
380.658799038929 -2.50277766169539E-06
381.658799036404 -2.56808346379637E-06
382.658799033879 -2.60845520080253E-06
383.658799031355 -2.62284465040108E-06
384.65879902883 -2.61171584454866E-06
385.658799026305 -2.57548065526081E-06
386.65879902378 -2.51793967841892E-06
387.658799021256 -2.44356113844222E-06
388.658799018731 -2.35618858935388E-06
389.658799016206 -2.2576484512986E-06
390.658799013681 -2.15075135785539E-06
391.658799011157 -2.03951071969749E-06
392.658799008632 -1.93362216611493E-06
393.658799006107 -1.84246534051259E-06
394.658799003582 -1.76786539116171E-06
395.658799001058 -1.71034926918905E-06
396.658798998533 -1.66575829463687E-06
397.658798996008 -1.63698209673491E-06
398.658798993483 -1.62192575546461E-06
399.658798990959 -1.61678037576505E-06
400.658798988434 -1.62263646851095E-06
401.658798985909 -1.63829085289084E-06
402.658798983384 -1.65635536692135E-06
403.65879898086 -1.67322378816815E-06
404.658798978335 -1.68741476150196E-06
405.65879897581 -1.70428015815161E-06
406.658798973285 -1.72143286691452E-06
407.65879897076 -1.73926186444269E-06
408.658798968236 -1.75834578259494E-06
409.658798965711 -1.78019527225956E-06
410.658798963186 -1.807023117559E-06
411.658798960661 -1.84005817966082E-06
412.658798958137 -1.87728438649577E-06
413.658798955612 -1.91438805201475E-06
414.658798953087 -1.94647266687137E-06
415.658798950562 -1.97090420573337E-06
416.658798948038 -1.98510151053535E-06
417.658798945513 -1.98981123172388E-06
418.658798942988 -1.9856280054288E-06
419.658798940463 -1.97863880471439E-06
420.658798937939 -1.97133551689883E-06
421.658798935414 -1.96535232706827E-06
422.658798932889 -1.96036037469583E-06
423.658798930364 -1.9539058482521E-06
424.65879892784 -1.94475329908551E-06
425.658798925315 -1.93159975765411E-06
426.65879892279 -1.91171424904494E-06
427.658798920265 -1.88794058714379E-06
428.658798917741 -1.86035366642488E-06
429.658798915216 -1.83270325214139E-06
430.658798912691 -1.80708239835043E-06
431.658798910166 -1.78534364209261E-06
432.658798907642 -1.76823286412592E-06
433.658798905117 -1.7544393241718E-06
434.658798902592 -1.74068736873609E-06
435.658798900067 -1.72529305376038E-06
436.658798897543 -1.70717747277935E-06
437.658798895018 -1.6887511312617E-06
438.658798892493 -1.67156320227109E-06
439.658798889968 -1.65805601601204E-06
440.658798887443 -1.64940271082417E-06
441.658798884919 -1.64633532127648E-06
442.658798882394 -1.64907563584352E-06
443.658798879869 -1.65619910044443E-06
444.658798877344 -1.66501242700792E-06
445.65879887482 -1.67389627772428E-06
446.658798872295 -1.681884068146E-06
447.65879886977 -1.68816308425699E-06
448.658798867245 -1.69298271992993E-06
449.658798864721 -1.69696752411748E-06
450.658798862196 -1.69909574096282E-06
451.658798859671 -1.6997777753139E-06
452.658798857146 -1.69999230016009E-06
453.658798854622 -1.69946498142087E-06
454.658798852097 -1.69855369146717E-06
455.658798849572 -1.69646962586294E-06
456.658798847047 -1.69347194646911E-06
457.658798844523 -1.69203212170105E-06
458.658798841998 -1.69320866537929E-06
459.658798839473 -1.69897729097661E-06
460.658798836948 -1.71015780546022E-06
461.658798834424 -1.72398534300238E-06
462.658798831899 -1.73907457574109E-06
463.658798829374 -1.75259445611789E-06
464.658798826849 -1.76320915266273E-06
465.658798824325 -1.77225480373643E-06
466.6587988218 -1.7809706752521E-06
467.658798819275 -1.78962931246177E-06
468.65879881675 -1.79775787383876E-06
469.658798814226 -1.80259247002593E-06
470.658798811701 -1.80513504191202E-06
471.658798809176 -1.80567456407202E-06
472.658798806651 -1.80435110341768E-06
473.658798804126 -1.80321859446054E-06
474.658798801602 -1.80242043231803E-06
475.658798799077 -1.80175633384452E-06
476.658798796552 -1.79983450185518E-06
477.658798794027 -1.79535977857284E-06
478.658798791503 -1.79125234116621E-06
479.658798788978 -1.78956535281711E-06
480.658798786453 -1.79069925180886E-06
481.658798783928 -1.79437333156459E-06
482.658798781404 -1.79832589417004E-06
483.658798778879 -1.7996738880327E-06
484.658798776354 -1.79711971830172E-06
485.658798773829 -1.78964223469619E-06
486.658798771305 -1.77992011597438E-06
487.65879876878 -1.76978291191029E-06
488.658798766255 -1.7597168589096E-06
489.65879876373 -1.74951631882913E-06
490.658798761206 -1.73879582374653E-06
491.658798758681 -1.72652561895172E-06
492.658798756156 -1.71563370814837E-06
493.658798753631 -1.70664736412413E-06
494.658798751107 -1.6982971718208E-06
495.658798748582 -1.69447062151503E-06
496.658798746057 -1.68442611979482E-06
497.658798743532 -1.66902364349427E-06
498.658798741008 -1.65245537946218E-06
499.658798738483 -1.63999595764149E-06
500.658798735958 -1.63745087647213E-06
501.658798733433 -1.64873425679947E-06
502.658798730909 -1.67363750809273E-06
503.658798728384 -1.71291488249898E-06
504.658798725859 -1.7524632201108E-06
505.658798723334 -1.79117251346407E-06
506.65879872081 -1.82728264558819E-06
507.658798718285 -1.85968738032901E-06
508.65879871576 -1.88765452228708E-06
509.658798713235 -1.91174009187266E-06
510.65879871071 -1.93230099319171E-06
511.658798708186 -1.94891213002694E-06
512.658798705661 -1.96073284653304E-06
513.658798703136 -1.9664619537909E-06
514.658798700611 -1.96427215857625E-06
515.658798698087 -1.95519151210926E-06
516.658798695562 -1.93335264053667E-06
517.658798693037 -1.90314654832644E-06
518.658798690512 -1.86177192842459E-06
519.658798687988 -1.82184048119001E-06
520.658798685463 -1.7916043383023E-06
521.658798682938 -1.77678833844787E-06
522.658798680413 -1.7807071168118E-06
523.658798677889 -1.80687102446818E-06
524.658798675364 -1.84089641156147E-06
525.658798672839 -1.88074345891395E-06
526.658798670314 -1.9184786448933E-06
527.65879866779 -1.967782530985E-06
528.658798665265 -2.02991438023533E-06
529.65879866274 -2.10514416460909E-06
530.658798660215 -2.19196454008898E-06
531.658798657691 -2.28675649493756E-06
532.658798655166 -2.37527123727378E-06
533.658798652641 -2.44945187209796E-06
534.658798650116 -2.50436285913899E-06
535.658798647592 -2.54082934723266E-06
536.658798645067 -2.55614997724479E-06
537.658798642542 -2.55048052495532E-06
538.658798640017 -2.52330442757173E-06
539.658798637493 -2.48287153724817E-06
540.658798634968 -2.4320491720921E-06
541.658798632443 -2.37273984146293E-06
542.658798629918 -2.30945861575161E-06
543.658798627393 -2.2489744892445E-06
544.658798624869 -2.19559045440681E-06
545.658798622344 -2.15173223651955E-06
546.658798619819 -2.11445068267472E-06
547.658798617294 -2.09420301999413E-06
548.65879861477 -2.09167345403993E-06
549.658798612245 -2.10681775807918E-06
550.65879860972 -2.13353640114334E-06
551.658798607195 -2.16696148201283E-06
552.658798604671 -2.20049272739141E-06
553.658798602146 -2.22689050714082E-06
554.658798599621 -2.23878995999956E-06
555.658798597096 -2.2392597900581E-06
556.658798594572 -2.23129403504933E-06
557.658798592047 -2.21803351018644E-06
558.658798589522 -2.19747786047395E-06
559.658798586997 -2.17089544736651E-06
560.658798584473 -2.13937427573781E-06
561.658798581948 -2.10525363106582E-06
562.658798579423 -2.06970169056305E-06
563.658798576898 -2.03548296229157E-06
564.658798574374 -2.00782660056364E-06
565.658798571849 -1.99275562536341E-06
566.658798569324 -1.9935883939521E-06
567.658798566799 -2.01008578098899E-06
568.658798564275 -2.03866559342209E-06
569.65879856175 -2.07343960195553E-06
570.658798559225 -2.1071058316754E-06
571.6587985567 -2.13524067548369E-06
572.658798554176 -2.15600343707147E-06
573.658798551651 -2.17077447168575E-06
574.658798549126 -2.18371464198328E-06
575.658798546601 -2.19519233011263E-06
576.658798544076 -2.20703942281273E-06
577.658798541552 -2.21896439519715E-06
578.658798539027 -2.22977380654352E-06
579.658798536502 -2.24080526238024E-06
580.658798533977 -2.26535859092201E-06
581.658798531453 -2.28603341764E-06
582.658798528928 -2.29161802694305E-06
583.658798526403 -2.304486217408E-06
584.658798523878 -2.33875125172043E-06
585.658798521354 -2.40183528288724E-06
586.658798518829 -2.49539198930174E-06
587.658798516304 -2.62086619788726E-06
588.658798513779 -2.77790647933766E-06
589.658798511255 -2.93037917597251E-06
590.65879850873 -3.05807833927868E-06
591.658798506205 -3.17310628839449E-06
592.65879850368 -3.27090303528155E-06
593.658798501156 -3.35069845317079E-06
594.658798498631 -3.41237339787925E-06
595.658798496106 -3.46492858478078E-06
596.658798493581 -3.51715718247526E-06
597.658798491057 -3.57476258504189E-06
598.658798488532 -3.64024029520173E-06
599.658798486007 -3.7120756544342E-06
600.658798483482 -3.78809646204779E-06
601.658798480958 -3.86539983999405E-06
602.658798478433 -3.94842853911806E-06
603.658798475908 -4.02764397121868E-06
604.658798473383 -4.11618161055955E-06
605.658798470859 -4.23520568271621E-06
606.658798468334 -4.36957001932906E-06
607.658798465809 -4.49753037457031E-06
608.658798463284 -4.59981698906017E-06
609.65879846076 -4.65872210517266E-06
610.658798458235 -4.66436835192559E-06
611.65879845571 -4.59470068684975E-06
612.658798453185 -4.4690703808234E-06
613.65879845066 -4.31248443555102E-06
614.658798448136 -4.12239113314545E-06
615.658798445611 -3.90990765371505E-06
616.658798443086 -3.69237569493197E-06
617.658798440561 -3.48902418001152E-06
618.658798438037 -3.30973267248166E-06
619.658798435512 -3.16546018226646E-06
620.658798432987 -3.06435260104459E-06
621.658798430462 -3.01205667118935E-06
622.658798427938 -3.01036138694299E-06
623.658798425413 -3.05467284965879E-06
624.658798422888 -3.14170092453746E-06
625.658798420363 -3.26191277552816E-06
626.658798417839 -3.39642133766874E-06
627.658798415314 -3.55106819450081E-06
628.658798412789 -3.72854589394738E-06
629.658798410264 -3.93240150401811E-06
630.65879840774 -4.14774248761618E-06
631.658798405215 -4.35494587871509E-06
632.65879840269 -4.53510118034059E-06
633.658798400165 -4.68006645757133E-06
634.658798397641 -4.77805492912642E-06
635.658798395116 -4.84357780802616E-06
636.658798392591 -4.88890734062739E-06
637.658798390066 -4.92385450939964E-06
638.658798387542 -4.94202121477065E-06
639.658798385017 -4.93355655385533E-06
640.658798382492 -4.89323474321639E-06
641.658798379967 -4.82944370959151E-06
642.658798377443 -4.73431694841273E-06
643.658798374918 -4.60764416401828E-06
644.658798372393 -4.44598110664952E-06
645.658798369868 -4.24796174317522E-06
646.658798367343 -4.01970298081714E-06
647.658798364819 -3.77719456006294E-06
648.658798362294 -3.54629597755295E-06
649.658798359769 -3.3553280020205E-06
650.658798357244 -3.21717663836471E-06
651.65879835472 -3.1356335416068E-06
652.658798352195 -3.08731530985897E-06
653.65879834967 -3.05429665246317E-06
654.658798347145 -3.03123861221937E-06
655.658798344621 -3.02865306085688E-06
656.658798342096 -3.04879457215739E-06
657.658798339571 -3.10873104964333E-06
658.658798337046 -3.21347568023009E-06
659.658798334522 -3.35495417461235E-06
660.658798331997 -3.51938566890133E-06
661.658798329472 -3.69509694288489E-06
662.658798326947 -3.87879764021159E-06
663.658798324423 -4.06355895036034E-06
664.658798321898 -4.23431480181855E-06
665.658798319373 -4.38120656035157E-06
666.658798316848 -4.48263639328168E-06
667.658798314324 -4.52715138201016E-06
668.658798311799 -4.52342139069684E-06
669.658798309274 -4.45345463677998E-06
670.658798306749 -4.3465329641769E-06
671.658798304225 -4.23182599325473E-06
672.6587983017 -4.13075033031292E-06
673.658798299175 -4.04371918980892E-06
674.65879829665 -3.96909941236098E-06
675.658798294126 -3.91722777785305E-06
676.658798291601 -3.88639527893436E-06
677.658798289076 -3.85886947706917E-06
678.658798286551 -3.85231983254255E-06
679.658798284026 -3.87402494733689E-06
680.658798281502 -3.90200852846465E-06
681.658798278977 -3.93313832903699E-06
682.658798276452 -3.99158120202132E-06
683.658798273927 -4.08756785961899E-06
684.658798271403 -4.23326748869014E-06
685.658798268878 -4.4227013025481E-06
686.658798266353 -4.63896159628779E-06
687.658798263828 -4.8493923868221E-06
688.658798261304 -5.02144047156906E-06
689.658798258779 -5.16555793107602E-06
690.658798256254 -5.30806241378175E-06
691.658798253729 -5.4478261913322E-06
692.658798251205 -5.64050304128414E-06
693.65879824868 -5.88600742153102E-06
694.658798246155 -6.1679544886059E-06
695.65879824363 -6.45983558821565E-06
696.658798241106 -6.7481546231967E-06
697.658798238581 -7.00636859210782E-06
698.658798236056 -7.18349935565413E-06
699.658798233531 -7.25562567194306E-06
700.658798231007 -7.24474657341862E-06
701.658798228482 -7.13985284808016E-06
702.658798225957 -6.94208860108859E-06
703.658798223432 -6.69408053382003E-06
704.658798220908 -6.43000154607298E-06
705.658798218383 -6.1549609308042E-06
706.658798215858 -5.85816598334075E-06
707.658798213333 -5.53766741235541E-06
708.658798210809 -5.19260940455341E-06
709.658798208284 -4.82247538893661E-06
710.658798205759 -4.44337859588005E-06
711.658798203234 -4.09275407548302E-06
712.65879820071 -3.79041291944844E-06
713.658798198185 -3.54261590111897E-06
714.65879819566 -3.35896178882481E-06
715.658798193135 -3.2199990568771E-06
716.65879819061 -3.11833465601609E-06
717.658798188086 -3.03668319071545E-06
718.658798185561 -2.96681870527207E-06
719.658798183036 -2.90370253755529E-06
720.658798180511 -2.8505957465164E-06
721.658798177987 -2.82904301857462E-06
722.658798175462 -2.85479617346414E-06
723.658798172937 -2.92455522305884E-06
724.658798170412 -3.0363374561202E-06
725.658798167888 -3.18117159581146E-06
726.658798165363 -3.35320094216973E-06
727.658798162838 -3.54439864923165E-06
728.658798160313 -3.74558551756841E-06
729.658798157789 -3.9596710094302E-06
730.658798155264 -4.17450173216365E-06
731.658798152739 -4.36642779931112E-06
732.658798150214 -4.56495647179635E-06
733.65879814769 -4.77974859850375E-06
734.658798145165 -5.01423143696244E-06
735.65879814264 -5.27290996791426E-06
736.658798140115 -5.53397744813093E-06
737.658798137591 -5.78090861275031E-06
738.658798135066 -5.99626834950723E-06
739.658798132541 -6.15795611896716E-06
740.658798130016 -6.28637671844383E-06
741.658798127492 -6.37345741442034E-06
742.658798124967 -6.40819740403109E-06
743.658798122442 -6.38288189505746E-06
744.658798119917 -6.27112979965331E-06
745.658798117393 -6.08823478903666E-06
746.658798114868 -5.85296512370002E-06
747.658798112343 -5.59425188126989E-06
748.658798109818 -5.33063656443154E-06
749.658798107293 -5.07627398592527E-06
750.658798104769 -4.82837174837589E-06
751.658798102244 -4.57963642385916E-06
752.658798099719 -4.32511868007223E-06
753.658798097194 -4.08415170595551E-06
754.65879809467 -3.89746045993203E-06
755.658798092145 -3.76641073388733E-06
756.65879808962 -3.68616074842116E-06
757.658798087095 -3.65530827862735E-06
758.658798084571 -3.65880215442696E-06
759.658798082046 -3.70981717148785E-06
760.658798079521 -3.8136938903912E-06
761.658798076996 -3.97274663507248E-06
762.658798074472 -4.18477066949634E-06
763.658798071947 -4.40062120006877E-06
764.658798069422 -4.6175186728749E-06
765.658798066897 -4.84675014436666E-06
766.658798064373 -5.09397613417897E-06
767.658798061848 -5.39129971328329E-06
768.658798059323 -5.72982039321719E-06
769.658798056798 -6.08305852332596E-06
770.658798054274 -6.3985673049443E-06
771.658798051749 -6.63216184563932E-06
772.658798049224 -6.76720824614353E-06
773.658798046699 -6.80151815215186E-06
774.658798044175 -6.73797110652716E-06
775.65879804165 -6.58490189303087E-06
776.658798039125 -6.3421222054626E-06
777.6587980366 -6.02687389532456E-06
778.658798034076 -5.65769522243495E-06
779.658798031551 -5.26216321151654E-06
780.658798029026 -4.86822616767109E-06
781.658798026501 -4.50145088268215E-06
782.658798023976 -4.16809434709454E-06
783.658798021452 -3.8576356908793E-06
784.658798018927 -3.55898151057684E-06
785.658798016402 -3.28102494568263E-06
786.658798013877 -3.05505333676053E-06
787.658798011353 -2.89534582341305E-06
788.658798008828 -2.80771839908765E-06
789.658798006303 -2.78014050456753E-06
790.658798003778 -2.79970670072701E-06
791.658798001254 -2.84135930457596E-06
792.658797998729 -2.8796743532594E-06
793.658797996204 -2.91462018615422E-06
794.658797993679 -2.96645525471027E-06
795.658797991155 -3.03011103484903E-06
796.65879798863 -3.10026616389361E-06
797.658797986105 -3.16537785512782E-06
798.65879798358 -3.23122596766365E-06
799.658797981056 -3.29889587893041E-06
800.658797978531 -3.36244387476767E-06
801.658797976006 -3.41795670084517E-06
802.658797973481 -3.46076591524317E-06
803.658797970957 -3.47884910365842E-06
804.658797968432 -3.46557499026352E-06
805.658797965907 -3.41109448233654E-06
806.658797963382 -3.31609237132198E-06
807.658797960858 -3.19158601249294E-06
808.658797958333 -3.05331564250886E-06
809.658797955808 -2.9142830428591E-06
810.658797953283 -2.78888447217835E-06
811.658797950759 -2.68177927397799E-06
812.658797948234 -2.60200673339988E-06
813.658797945709 -2.53678831310887E-06
814.658797943184 -2.47635881151574E-06
815.65879794066 -2.42104431071928E-06
816.658797938135 -2.3747918016986E-06
817.65879793561 -2.33682291594457E-06
818.658797933085 -2.31108860283475E-06
819.65879793056 -2.29529206402948E-06
820.658797928036 -2.29344100236207E-06
821.658797925511 -2.29331897800112E-06
822.658797922986 -2.29035536512267E-06
823.658797920461 -2.28610855828327E-06
824.658797917937 -2.27831278793246E-06
825.658797915412 -2.26481942816884E-06
826.658797912887 -2.24929597126415E-06
827.658797910362 -2.23171688128145E-06
828.658797907838 -2.21464578740803E-06
829.658797905313 -2.20032927441913E-06
830.658797902788 -2.19036299866105E-06
831.658797900263 -2.18401485827857E-06
832.658797897739 -2.18065476387411E-06
833.658797895214 -2.17893435889595E-06
834.658797892689 -2.17736778988553E-06
835.658797890164 -2.1743466522216E-06
836.65879788764 -2.17040557094101E-06
837.658797885115 -2.16599551134683E-06
838.65879788259 -2.16157285938477E-06
839.658797880065 -2.15682879597151E-06
840.658797877541 -2.15232929823517E-06
841.658797875016 -2.14809004058021E-06
842.658797872491 -2.14405968855242E-06
843.658797869966 -2.13985875121417E-06
844.658797867442 -2.13491973503597E-06
845.658797864917 -2.12894565674281E-06
846.658797862392 -2.12374071890135E-06
847.658797859867 -2.11989671685049E-06
848.658797857343 -2.1171390555705E-06
849.658797854818 -2.11424306861455E-06
850.658797852293 -2.1114308743237E-06
851.658797849768 -2.11069761875615E-06
852.658797847243 -2.11369744310304E-06
853.658797844719 -2.12142573851505E-06
854.658797842194 -2.1360633265241E-06
855.658797839669 -2.15773622271213E-06
856.658797837144 -2.18404008240138E-06
857.65879783462 -2.211389020004E-06
858.658797832095 -2.23705405785863E-06
859.65879782957 -2.25971291856355E-06
860.658797827045 -2.27767964603857E-06
861.658797824521 -2.28937440932555E-06
862.658797821996 -2.29509949253988E-06
863.658797819471 -2.29535585956143E-06
864.658797816946 -2.28959725140365E-06
865.658797814422 -2.27803906271006E-06
866.658797811897 -2.26104459305878E-06
867.658797809372 -2.23946552010441E-06
868.658797806847 -2.21447252049597E-06
869.658797804323 -2.18569945386443E-06
870.658797801798 -2.15362035975921E-06
871.658797799273 -2.11926063241579E-06
872.658797796748 -2.08509930092189E-06
873.658797794224 -2.05433717189012E-06
874.658797791699 -2.02837717755241E-06
875.658797789174 -2.00810434162394E-06
876.658797786649 -1.99383114126023E-06
877.658797784125 -1.98329555524501E-06
878.6587977816 -1.97410833398716E-06
879.658797779075 -1.96513259820819E-06
880.65879777655 -1.95682432685432E-06
881.658797774026 -1.94904688296931E-06
882.658797771501 -1.94139722216008E-06
883.658797768976 -1.93427432538912E-06
884.658797766451 -1.92830975906837E-06
885.658797763926 -1.92391233122912E-06
886.658797761402 -1.92041355994751E-06
887.658797758877 -1.91802923373756E-06
888.658797756352 -1.91654631953757E-06
889.658797753827 -1.91594227810859E-06
890.658797751303 -1.91513115434461E-06
891.658797748778 -1.91375655945354E-06
892.658797746253 -1.91650355833106E-06
893.658797743728 -1.92468656245694E-06
894.658797741204 -1.93934624003613E-06
895.658797738679 -1.95936100709429E-06
896.658797736154 -1.98471709949883E-06
897.658797733629 -2.01510777747441E-06
898.658797731105 -2.04743778513598E-06
899.65879772858 -2.08369619144826E-06
900.658797726055 -2.13014218934856E-06
901.65879772353 -2.18676118101175E-06
902.658797721006 -2.25172543667371E-06
903.658797718481 -2.31904382344897E-06
904.658797715956 -2.38460361950178E-06
905.658797713431 -2.44326928861265E-06
906.658797710907 -2.48860636055157E-06
907.658797708382 -2.51862274011553E-06
908.658797705857 -2.53269573118433E-06
909.658797703332 -2.53074729652545E-06
910.658797700808 -2.51359950950257E-06
911.658797698283 -2.48300064963686E-06
912.658797695758 -2.44118400200989E-06
913.658797693233 -2.39121328168588E-06
914.658797690709 -2.33659414119217E-06
915.658797688184 -2.27759394146045E-06
916.658797685659 -2.21869675199162E-06
917.658797683134 -2.16323746440198E-06
918.65879768061 -2.11740712875133E-06
919.658797678085 -2.08388926676386E-06
920.65879767556 -2.0636306626892E-06
921.658797673035 -2.05897204127374E-06
922.65879767051 -2.06732332328543E-06
923.658797667986 -2.08219317015962E-06
924.658797665461 -2.09958415087719E-06
925.658797662936 -2.11585950491162E-06
926.658797660411 -2.13107209624756E-06
927.658797657887 -2.14331703425024E-06
928.658797655362 -2.15161444462528E-06
929.658797652837 -2.15672444162556E-06
930.658797650312 -2.15670947947021E-06
931.658797647788 -2.15313776665557E-06
932.658797645263 -2.14658174142696E-06
933.658797642738 -2.13864230189049E-06
934.658797640213 -2.12973376041761E-06
935.658797637689 -2.12004378481027E-06
936.658797635164 -2.11185636769375E-06
937.658797632639 -2.10819005539237E-06
938.658797630114 -2.110325690132E-06
939.65879762759 -2.11919050049229E-06
940.658797625065 -2.13302946027874E-06
941.65879762254 -2.15089197454473E-06
942.658797620015 -2.17238391349932E-06
943.658797617491 -2.19717355941342E-06
944.658797614966 -2.23279535120697E-06
945.658797612441 -2.29134637610525E-06
946.658797609916 -2.3772473544638E-06
947.658797607392 -2.48972759332472E-06
948.658797604867 -2.62697332727403E-06
949.658797602342 -2.79069143019732E-06
950.658797599817 -2.96804694117024E-06
951.658797597293 -3.15065557019266E-06
952.658797594768 -3.32929832542809E-06
953.658797592243 -3.50783202284743E-06
954.658797589718 -3.69497702573109E-06
955.658797587193 -3.89367552368496E-06
956.658797584669 -4.10015580958714E-06
957.658797582144 -4.30458398426997E-06
958.658797579619 -4.47937482065763E-06
959.658797577094 -4.60412715160947E-06
960.65879757457 -4.65317717503951E-06
961.658797572045 -4.62288586238364E-06
962.65879756952 -4.52769911801106E-06
963.658797566995 -4.38326591386462E-06
964.658797564471 -4.20086099301998E-06
965.658797561946 -4.00055648156696E-06
966.658797559421 -3.81146227597697E-06
967.658797556896 -3.65280240234217E-06
968.658797554372 -3.52896555606479E-06
969.658797551847 -3.43604170927032E-06
970.658797549322 -3.36884148036067E-06
971.658797546797 -3.32311388582808E-06
972.658797544273 -3.29295920028168E-06
973.658797541748 -3.29370240272029E-06
974.658797539223 -3.33801644857007E-06
975.658797536698 -3.43329376838587E-06
976.658797534174 -3.57819607228931E-06
977.658797531649 -3.7458047803484E-06
978.658797529124 -3.90376265860377E-06
979.658797526599 -4.02881108169861E-06
980.658797524075 -4.09888862646173E-06
981.65879752155 -4.10803105151553E-06
982.658797519025 -4.055710317666E-06
983.6587975165 -3.9571579548553E-06
984.658797513976 -3.83601721118212E-06
985.658797511451 -3.69489831563647E-06
986.658797508926 -3.54355022264974E-06
987.658797506401 -3.40378540626586E-06
988.658797503876 -3.2861112595784E-06
989.658797501352 -3.18781337813426E-06
990.658797498827 -3.10829692886835E-06
991.658797496302 -3.04034886954179E-06
992.658797493777 -2.99059559034675E-06
993.658797491253 -2.9665619673558E-06
994.658797488728 -2.98407188711546E-06
995.658797486203 -3.06227924215326E-06
996.658797483678 -3.20427898966914E-06
997.658797481154 -3.394296900339E-06
998.658797478629 -3.62170328920461E-06
999.658797476104 -3.87635043585971E-06
1000.65879747358 -4.15645561680854E-06
1001.65879747105 -4.46214868622921E-06
1002.65879746853 -4.78233812959936E-06
1003.65879746601 -5.11048716882844E-06
1004.65879746348 -5.43960169459103E-06
1005.65879746096 -5.75508106557145E-06
1006.65879745843 -6.05681551826897E-06
1007.65879745591 -6.34493425041088E-06
1008.65879745338 -6.62225384302066E-06
1009.65879745086 -6.88275611251556E-06
1010.65879744833 -7.11159774904589E-06
1011.65879744581 -7.30066643675133E-06
1012.65879744328 -7.46099441756847E-06
1013.65879744076 -7.59269809171584E-06
1014.65879743823 -7.70651401434539E-06
1015.65879743571 -7.81665899013076E-06
1016.65879743318 -7.93429962500378E-06
1017.65879743066 -8.05188791941168E-06
1018.65879742813 -8.15390149631138E-06
1019.65879742561 -8.2348978039987E-06
1020.65879742308 -8.30228169307805E-06
1021.65879742056 -8.34153153757798E-06
1022.65879741803 -8.3551429764331E-06
1023.65879741551 -8.34344315191028E-06
1024.65879741299 -8.29925690554754E-06
1025.65879741046 -8.22815747199633E-06
1026.65879740794 -8.12621193950653E-06
1027.65879740541 -8.00251995059079E-06
1028.65879740289 -7.86595563556991E-06
1029.65879740036 -7.71772876109822E-06
1030.65879739784 -7.56122422721559E-06
1031.65879739531 -7.38159878479399E-06
1032.65879739279 -7.16818420700636E-06
1033.65879739026 -6.93157536394159E-06
1034.65879738774 -6.67847123612368E-06
1035.65879738521 -6.41352940613467E-06
1036.65879738269 -6.15318545616662E-06
1037.65879738016 -5.90594433188063E-06
1038.65879737764 -5.65645607140074E-06
1039.65879737511 -5.38666511632676E-06
1040.65879737259 -5.09576817107077E-06
1041.65879737006 -4.79843019271768E-06
1042.65879736754 -4.50666554584253E-06
1043.65879736501 -4.22402027275059E-06
1044.65879736249 -3.98303225938504E-06
1045.65879735997 -3.7884683332325E-06
1046.65879735744 -3.63522792884987E-06
1047.65879735492 -3.53448018442802E-06
1048.65879735239 -3.49954371416304E-06
1049.65879734987 -3.54032123788559E-06
1050.65879734734 -3.64079784514241E-06
1051.65879734482 -3.78571295311912E-06
1052.65879734229 -3.9697057858315E-06
1053.65879733977 -4.16304748261088E-06
1054.65879733724 -4.35567755880066E-06
1055.65879733472 -4.55168609032438E-06
1056.65879733219 -4.75910425407966E-06
1057.65879732967 -4.98059181483549E-06
1058.65879732714 -5.1949152061161E-06
1059.65879732462 -5.37505884917501E-06
1060.65879732209 -5.49799313301238E-06
1061.65879731957 -5.53829202202975E-06
1062.65879731704 -5.49545694839278E-06
1063.65879731452 -5.39695630241891E-06
1064.65879731199 -5.27976580407978E-06
1065.65879730947 -5.16467779791944E-06
1066.65879730695 -5.06641170182407E-06
1067.65879730442 -4.98960128069879E-06
1068.6587973019 -4.92555226846559E-06
1069.65879729937 -4.86870938276187E-06
1070.65879729685 -4.82658333837487E-06
1071.65879729432 -4.79805883520574E-06
1072.6587972918 -4.76850127373779E-06
1073.65879728927 -4.73241508893963E-06
1074.65879728675 -4.69499783850438E-06
1075.65879728422 -4.65369254637379E-06
1076.6587972817 -4.60981671591098E-06
1077.65879727917 -4.58029188343986E-06
1078.65879727665 -4.57807775523438E-06
1079.65879727412 -4.58029726797772E-06
1080.6587972716 -4.56374964604172E-06
1081.65879726907 -4.52529718250782E-06
1082.65879726655 -4.46295294679986E-06
1083.65879726402 -4.37961903743093E-06
1084.6587972615 -4.30408969813608E-06
1085.65879725898 -4.26351130384682E-06
1086.65879725645 -4.2851193673106E-06
1087.65879725393 -4.36683575887973E-06
1088.6587972514 -4.50274928496751E-06
1089.65879724888 -4.68639713472083E-06
1090.65879724635 -4.8912727561303E-06
1091.65879724383 -5.09970045591035E-06
1092.6587972413 -5.30143848528016E-06
1093.65879723878 -5.47521556794655E-06
1094.65879723625 -5.60916989029972E-06
1095.65879723373 -5.69515337467976E-06
1096.6587972312 -5.73636648306262E-06
1097.65879722868 -5.73146132825891E-06
1098.65879722615 -5.68498889672516E-06
1099.65879722363 -5.61275799140911E-06
1100.6587972211 -5.51849698383167E-06
1101.65879721858 -5.39888678643008E-06
1102.65879721605 -5.25584963819319E-06
1103.65879721353 -5.09625253987387E-06
1104.658797211 -4.92698050195328E-06
1105.65879720848 -4.7587474484413E-06
